1700,1701
1700,1699
1700,1697
2007,338
2007,97
2007,337
2375,129
2375,5
2375,2374
2965,19
2965,636
2965,2964
45,540
45,348
45,120
45,2152
45,229
45,2151
45,347
199,1328
199,3802
199,3897
199,3898
199,1327
199,200
199,65
4037,4035
4037,3199
4037,4038
4037,3133
4037,4160
3842,470
3842,3840
3842,6
3842,3841
1924,1923
1924,330
1924,1925
3402,87
3402,1190
254,384
254,2649
254,3995
254,3996
254,570
254,2648
254,3792
1392,463
1392,90
1392,201
1392,4092
1451,21
1451,1450
1451,1452
1451,90
426,145
426,4048
426,3334
426,1174
426,289
426,3322
426,285
1545,1552
1545,4051
1545,3384
1545,765
4018,4020
4018,1069
4018,400
4018,2911
4018,2912
4018,4015
3713,3714
3713,3718
3846,2365
3846,924
3846,2077
3846,3844
3846,3845
3186,3820
3186,1140
3735,3056
3735,3736
383,36
383,4139
383,4140
383,3989
383,3990
1722,1723
1722,1727
1722,1721
3761,4086
3761,2465
3761,3791
1548,1547
1548,1546
1548,1549
1746,31
1746,313
1746,783
1746,1748
185,3011
185,3008
185,646
185,3858
2131,2130
2131,870
2131,344
2131,2123
276,3017
276,3859
276,3011
1660,212
1660,1667
1660,1659
1660,1657
1599,210
1599,1600
1599,768
1599,1589
1669,1670
1669,1676
1669,479
1669,212
69,209
69,477
69,91
69,475
69,22
591,980
591,2600
591,4138
591,2606
591,3987
591,13
591,176
2119,2126
2119,2124
2119,2120
2119,2110
2723,262
2723,25
2723,17
2723,260
3821,3799
3821,290
3821,680
3821,3822
3821,190
3821,676
3964,3963
3964,80
3964,362
3964,3965
271,629
271,2935
271,2925
271,4021
271,1069
2218,12
2218,2224
2218,2222
2218,348
134,984
134,16
134,8
134,2465
134,253
134,260
134,4086
134,4088
483,98
483,1712
483,1711
483,1706
483,1707
483,44
1930,1929
1930,330
1930,1931
3432,1201
3432,690
296,39
296,691
296,3410
296,87
296,191
296,3868
1652,234
1652,1680
1652,777
2130,2129
2130,870
2130,2131
2130,2124
1550,1549
1550,1551
1550,3351
1734,1735
1734,484
1734,1728
231,46
231,1
1200,191
1200,695
1200,690
1200,1201
3845,2076
3845,2077
3845,3946
3845,3846
2093,2094
2093,4134
2093,2077
2093,2090
75,2005
75,97
75,929
75,131
75,161
75,4121
75,4122
2074,2073
2074,4124
2074,2075
2074,3945
24,2528
24,4135
24,4136
24,371
24,3784
3446,700
3446,11
2586,251
2586,3983
2586,4028
3929,1845
3929,4236
3929,3930
1646,212
1646,1649
1646,1647
1646,1645
11,3446
11,49
11,700
11,4173
11,3197
11,4035
11,4163
11,4164
11,4031
11,4032
11,4033
11,4034
173,4135
173,4136
173,3770
173,8
173,370
173,2548
465,20
465,21
465,90
465,463
465,462
1309,1327
1309,200
1309,1308
1309,1310
2122,2123
2122,344
2122,2121
3855,2735
3855,263
3855,3856
3855,3797
3855,3798
3855,2725
2129,77
2129,870
2129,2130
2129,2125
569,366
569,947
569,57
569,367
569,132
569,843
569,2425
3860,4151
3860,4152
3860,277
3860,3859
4026,4025
4026,251
4026,4027
4026,4140
3452,3453
3452,3451
3452,231
3452,1531
297,3439
297,4046
297,4047
297,3794
297,699
697,3438
697,1204
697,3347
697,3869
697,292
697,698
912,3795
912,659
912,3072
912,2308
912,2314
912,34
4015,2912
4015,400
4015,4018
4015,4016
4015,2890
4015,2889
4139,36
4139,4025
4139,4140
4139,383
1934,1933
1934,333
1934,54
1934,1932
1499,759
1499,1500
1583,81
1583,311
2313,2314
2313,3072
2313,2312
2313,2309
3492,1214
3492,3496
3492,3499
3492,701
3492,28
621,2801
621,61
621,4008
621,396
621,3811
621,4001
621,26
680,3799
680,3800
680,3326
680,1169
680,290
680,3821
775,312
775,1621
775,1616
1449,1450
1449,1458
1449,4098
1449,1452
484,76
484,1735
484,1734
3850,3849
3850,3094
3850,3095
3850,3862
3850,553
3850,3971
3850,3972
4074,4073
4074,3552
4074,3875
4074,3527
4074,3515
4074,3518
518,847
518,2045
518,2044
518,3767
518,4
518,1916
704,3512
704,89
704,148
1723,4113
1723,1726
1723,1722
1723,1720
2123,2124
2123,2131
2123,2122
2123,2120
549,46
549,1
2740,1014
2740,610
2740,606
2740,178
3951,2170
3951,3952
3951,3949
314,214
314,31
371,3784
371,24
371,2528
371,370
371,3852
371,2491
371,2485
371,246
2987,2993
2987,184
2987,640
2987,2986
4090,4089
4090,201
4090,456
4090,3898
432,103
432,1184
432,3374
432,3376
432,27
2905,1065
2905,2910
2905,2904
4206,3883
4206,3884
4206,710
4206,4208
527,44
527,163
694,3428
694,4176
694,693
1316,40
1316,454
1316,1286
1316,508
3811,621
3811,1050
3811,396
3811,3812
3811,4001
3811,4002
4100,91
4100,4099
183,656
183,3649
183,629
183,1073
183,1065
183,4019
183,182
290,680
290,1169
290,1166
290,3304
290,3821
290,3822
2844,2845
2844,2851
2844,2843
3875,3552
3875,3515
3875,4074
3875,3876
3875,4187
3875,4188
3875,3513
3133,3136
3133,4163
3133,4164
3133,4035
3133,4037
3133,4160
3133,4161
3133,4162
3133,3126
3133,3125
3133,3124
3971,3970
3971,3849
3971,3850
3971,3972
3971,3787
4048,4047
4048,145
4048,426
4048,3794
1492,1493
1492,369
1492,1491
1492,21
4149,4150
4149,585
4149,632
9,3136
9,4031
9,4032
9,4033
9,4034
9,3124
9,3863
9,3864
9,4157
9,3449
9,661
9,46
3890,3889
3890,733
3890,3891
3890,3801
205,28
205,4063
205,4064
205,4065
205,1511
205,764
205,759
205,204
565,3979
565,131
565,929
777,79
777,1652
777,4111
777,1635
3342,3341
3342,3378
3342,3340
3342,3343
1610,227
2548,4135
2548,173
2548,370
2548,2543
2626,2625
2626,3058
2626,2616
2626,2608
2626,2607
2626,2628
1667,212
1667,479
1667,1668
1667,1660
2991,275
2991,184
2991,2993
4096,1458
4096,1474
4096,3901
4096,68
4096,4098
1228,3830
1228,4153
2843,2844
2843,2842
2843,2833
2851,2850
2851,269
2851,2842
2851,2844
828,505
828,31
1418,3839
1418,3841
1418,2
1418,1419
1418,1396
2058,2057
2058,2059
2058,330
3512,89
3512,704
172,5
172,81
172,2376
172,561
172,3844
661,46
661,9
661,3863
661,362
2997,2995
2997,2985
2997,640
2997,2998
43,1931
43,2064
43,1922
43,1921
43,2065
43,852
43,332
82,2654
82,259
82,1007
82,37
82,59
82,1005
82,991
1791,1792
1791,1820
3948,3947
3948,2143
3948,344
3948,870
196,29
196,1244
196,3696
196,1245
1982,514
1982,3938
1982,513
1982,1979
2430,2429
2430,244
2430,2431
2430,2427
3167,413
3167,1140
3167,4165
3167,4166
3702,1244
3702,29
3702,3701
3702,3699
4155,408
4155,4156
4155,3861
4155,3862
672,3230
672,3268
672,3790
672,4042
672,279
1780,1788
1780,796
1780,1779
1780,1782
3002,19
3002,3857
2371,2374
2371,5
2090,861
2090,2093
2090,2077
2090,2078
478,1592
478,1598
478,1603
478,150
478,1593
478,1597
478,1596
478,311
120,348
120,2217
120,3949
120,3950
120,2152
120,541
120,45
2566,2568
2566,35
2566,2565
2566,1076
4237,2579
4237,2573
2061,2060
2061,2062
2061,330
3991,143
3991,3747
3991,3992
3991,3066
112,72
112,805
112,3804
112,3778
112,1830
112,111
1308,1309
1308,200
1308,1307
1308,1299
4014,4013
4014,2881
4014,142
4014,61
4014,18
4014,2866
4089,307
4089,201
4089,1383
4089,4090
4089,3896
4089,3897
420,1158
420,86
420,3824
420,417
420,3789
420,3799
420,144
420,3277
1845,1840
1845,3929
1845,3930
2163,3952
2163,542
2163,3950
4027,4026
4027,251
4027,4028
1590,1589
1590,768
1590,1591
1590,81
2168,2165
2168,2169
2795,3812
2795,619
2795,4004
3340,3342
3340,3372
3340,27
3340,3336
307,20
307,733
307,462
307,4091
307,1383
307,4089
307,3891
307,3892
307,3895
307,3896
1923,525
1923,330
1923,1924
1923,1737
2372,5
366,244
366,2446
366,947
366,569
366,843
1533,472
1533,1226
3924,3923
3924,789
3924,3925
179,180
179,3998
179,390
179,2762
179,612
179,2761
179,47
179,1019
480,234
480,4131
480,1680
4150,585
4150,4149
2850,1047
2850,397
2850,2851
2850,2845
462,20
462,465
462,463
462,4091
462,307
2569,968
2569,35
2569,966
3904,3903
3904,1498
3904,1496
1635,230
1635,79
1635,777
1635,1694
1635,1632
1648,1649
1648,1658
1648,1647
798,157
798,1834
798,71
798,1811
1302,1301
1302,1297
1302,1283
1793,1794
1793,1792
3975,364
3975,5
3975,3976
3975,2357
3975,2358
1248,107
1248,3719
1248,106
1248,3711
3441,699
3441,3794
77,345
77,536
77,100
77,3947
77,2126
77,2125
77,2129
77,870
77,2110
77,165
776,212
776,1645
776,1640
776,70
1749,1750
1227,1226
1227,1532
1227,4077
1598,768
1598,1603
1598,478
1598,1592
1699,1700
1699,1702
1699,7
1699,1698
2575,2576
2575,2572
2575,248
37,1007
37,138
37,178
37,47
37,4143
37,4141
37,4142
37,82
37,1005
1132,187
1132,1131
4187,3875
4187,4188
2120,2119
2120,2123
2120,2121
2120,2110
2889,2890
2889,4015
2889,1064
2889,2884
2941,4213
2941,10
525,2056
525,330
525,1923
525,1737
525,227
1732,4114
1732,1735
1732,1728
1732,1729
3384,3386
3384,3378
3392,4052
3392,295
1495,3696
1495,3698
1495,757
1867,4116
1867,509
1867,1868
3718,3717
3718,3713
4162,3133
4162,4160
4162,187
4162,4161
3945,3944
3945,2073
3945,2074
3945,2072
3945,3946
4008,4007
4008,61
4008,621
4008,2801
4040,4039
4040,1145
1748,313
1748,1746
3864,9
3864,4157
3864,48
3864,3863
2021,118
2021,843
2021,73
4121,161
4121,75
4121,4122
4121,3937
4121,3938
1789,217
1789,1797
1789,796
1789,1788
1927,1926
1927,330
1927,1928
2211,546
2211,2213
3296,3822
3296,207
1647,1646
1647,1648
1647,1640
4049,698
4049,292
4049,4050
4049,4045
439,701
439,4177
439,3470
439,3471
439,4066
1676,1675
1676,479
1676,1669
4234,403
4234,3858
698,697
698,292
698,4049
2809,101
2809,613
2887,627
2887,1063
3949,3951
3949,3950
3949,120
367,569
367,57
367,3993
367,3994
367,568
367,133
367,132
1670,1671
1670,1675
1670,1669
1670,212
2220,56
2220,353
2220,2219
2220,2222
2314,912
2314,3072
2314,2313
2314,2308
140,614
140,4145
140,4146
140,2818
140,25
140,613
140,3809
140,262
910,556
910,2320
910,361
910,3077
910,238
910,123
910,2302
1007,259
1007,138
1007,37
1007,82
2489,2485
2489,2491
2489,3852
2489,2484
1145,281
1145,144
1145,4169
1145,4170
1145,4171
1145,4172
1145,670
1145,49
1145,3819
1145,3820
1145,4039
1145,4040
1720,1719
1720,1723
1720,1721
1720,1717
1939,831
1939,1940
1939,482
1447,68
1447,470
1447,3840
1447,67
2048,2047
2048,2018
2440,132
2440,568
2440,567
2440,243
3045,656
3045,182
768,1599
768,1601
768,1602
768,1598
768,1590
768,1591
2228,891
2228,2235
2228,2227
2228,12
3808,3807
3808,2957
3808,2559
4113,23
4113,4114
4113,1723
4113,1726
4113,1719
2425,843
2425,569
2425,132
1065,183
1065,4019
1065,4020
1065,2905
1065,2910
1065,2899
1543,1177
1543,1554
1543,684
3077,361
3077,910
3737,980
3737,4137
492,219
492,495
492,158
492,157
1226,472
1226,1533
1226,1227
1226,89
1226,4077
4143,47
4143,4144
4143,37
1556,1544
1556,3385
1556,103
3277,144
3277,420
3277,3789
3277,3865
1014,3797
1014,610
1014,178
1014,2740
1014,601
309,3906
309,28
309,204
309,1507
4145,615
4145,4146
4145,140
4145,614
243,132
243,2440
243,567
243,2419
243,938
243,3980
243,3981
1203,3436
1203,147
1203,3869
1203,1204
1818,1826
1818,1825
1818,1819
1818,1817
2781,60
2781,616
2781,390
2781,3998
1515,1516
1515,1531
3699,3698
3699,3702
3699,3700
3699,757
1507,309
1507,204
1915,4
1915,1916
1915,1913
3386,3385
3386,295
3386,3378
3386,3384
3649,1073
3649,183
3649,656
3795,238
3795,278
3795,3992
3795,3796
3795,659
3795,912
3795,34
146,193
146,3422
146,4060
146,3424
146,1196
146,3414
146,3413
146,692
146,3412
663,80
663,48
663,3112
663,408
663,3861
663,3847
940,2427
940,2431
940,2432
1903,1904
1903,1908
1903,115
1903,1899
1707,483
1707,1710
1707,1705
1707,1706
20,480
20,307
20,462
20,465
20,733
615,266
615,1037
615,1041
615,83
615,4145
615,4146
615,614
3963,46
3963,362
3963,3964
4148,83
4148,181
4148,4147
4196,3878
4196,4201
4196,4195
3711,107
3711,1248
3711,717
3778,112
3778,94
3778,4217
3778,4218
3778,4229
3778,4230
2397,2394
2397,128
1627,1626
1627,7
1627,1628
1627,3908
1929,1928
1929,330
1929,1930
3800,27
3800,3338
3800,680
3800,3326
3800,3799
3877,3878
3877,4193
3877,4194
3877,3876
4224,4223
4224,4222
4224,3816
1589,210
1589,1599
1589,1590
1589,81
1702,1701
1702,1703
1702,7
1702,1699
16,3852
16,3853
16,3854
16,8
16,962
16,134
16,722
16,303
16,984
90,463
90,465
90,21
90,1424
90,1433
90,1404
90,1392
90,201
212,4106
212,4110
212,4111
212,4112
212,1671
212,1670
212,1672
212,1669
212,776
212,1645
212,1646
212,1649
212,1657
212,1660
212,1667
212,70
246,3783
246,3784
246,371
246,2477
246,2485
246,369
4068,4067
4068,195
4068,194
4222,4224
4222,4227
4222,3816
4222,3817
1834,157
1834,158
1834,798
1882,3786
1882,1883
1882,317
109,65
109,452
109,1285
109,1265
499,820
499,216
499,151
556,2322
556,2321
556,2320
556,910
556,2302
556,237
556,909
3369,431
3369,1177
3369,684
3369,292
3693,448
3693,449
3693,3684
3806,3805
3806,79
3806,3956
3806,230
3806,539
3806,100
4102,1605
4102,210
4102,81
4102,4101
656,3045
656,3649
656,183
656,182
3989,177
3989,36
3989,383
3989,3990
3989,2609
1496,3904
3006,646
3006,3007
3006,3858
491,1847
491,3932
491,219
491,1833
187,4160
187,4162
187,413
187,4038
187,4165
187,4166
187,1132
187,186
187,1131
2213,2211
2213,2170
2607,2626
2607,2608
2607,2606
2607,2600
3840,1447
3840,470
3840,3841
3840,3842
3840,3839
4118,4117
4118,1956
4118,1957
4118,219
4118,1775
4118,1776
4118,1777
2,1418
2,1396
2,3835
2,3836
2,3837
2,3838
2,1419
2,6
2,499
2,1895
2,504
2,846
2,115
2,118
2,3768
2,820
2,152
1076,2953
1076,2566
1076,2565
1076,2954
1076,3807
1076,3808
2574,2573
2528,24
2528,2543
2528,4135
2528,370
2528,371
568,367
568,133
568,567
568,132
568,2440
659,3795
659,58
659,983
659,3072
659,912
4213,2938
4213,3770
4213,4214
4213,2941
463,462
463,465
463,1392
463,90
463,4091
463,4092
2959,38
2959,2962
2959,584
2959,2561
1595,1596
1595,150
4215,4214
4215,3770
4215,4216
4022,4021
4022,400
4107,4108
4107,70
2705,257
29,3703
29,106
29,716
29,196
29,1244
29,3702
29,3701
2018,2048
2018,2019
612,179
612,2761
612,1020
612,47
1735,76
1735,484
1735,1734
1735,1732
2419,243
2419,938
2419,3982
1586,1585
1586,1581
394,2833
394,2841
394,269
394,4005
394,267
394,2826
2915,142
2915,627
4057,4058
4057,39
85,646
85,3005
85,405
537,78
537,119
1328,198
1328,3802
1328,199
1328,65
1567,1568
1567,1571
3863,9
3863,661
3863,3864
3863,48
3863,80
3863,362
684,3369
684,292
684,1177
684,3345
684,145
2615,2616
2615,978
2615,592
2615,2608
3381,103
3381,3388
3381,1184
129,242
129,5
129,2375
542,2163
542,3950
542,882
542,78
147,3433
147,690
147,191
147,3868
147,3869
147,3870
147,3436
147,1203
834,1956
834,1957
834,1958
3862,3861
3862,4155
3862,4156
3862,3094
3862,3849
3862,3850
4035,11
4035,3197
4035,4037
4035,3133
4035,4164
585,4149
585,4150
585,2942
585,10
585,632
585,2583
1616,775
1616,1622
1616,3909
4097,1453
4097,1452
4097,4098
4097,4094
4097,1435
1424,90
1424,1433
1424,1423
1424,1404
3126,3125
3126,3133
3126,4161
3126,4158
2725,3855
2725,3797
2725,1011
2786,60
2786,616
2059,2058
2059,2060
2059,330
4170,4169
4170,3865
4170,3866
4170,4171
4170,1145
3990,3989
3990,383
3990,593
390,2781
390,3998
390,616
390,2782
390,2762
390,179
633,2954
633,2564
633,35
633,248
633,2957
633,2956
2109,2110
2109,2121
2109,533
2890,4015
2890,2889
2890,2891
2432,2431
2432,244
2432,940
345,119
345,100
345,77
345,536
345,2127
1511,205
1511,764
1511,1512
1511,759
1795,1796
1795,1816
1795,1794
1795,796
2793,619
2793,392
3659,84
3659,251
3768,3767
3768,846
3768,73
3768,504
489,156
489,51
489,1815
489,1827
489,1798
489,1797
1658,1657
1658,1659
1658,1648
3805,78
3805,168
3805,3953
3805,3955
3805,3806
3805,100
3865,144
3865,3277
3865,3789
3865,3866
3865,4169
3865,4170
636,2964
636,2965
636,3857
636,241
2963,2962
2963,38
2963,3807
3471,439
3471,3473
3471,3470
3471,3451
1626,1625
1626,7
1626,1627
1626,3910
2166,2165
3909,1616
3909,1624
3909,1623
3909,3910
3956,3955
3956,352
3956,79
3956,3806
125,923
125,2355
125,2252
125,2248
125,2101
125,530
396,61
396,1055
396,2867
396,1050
396,621
396,3811
2231,170
2231,3957
2231,2232
2351,2350
2351,2257
2351,169
259,257
259,138
259,2684
259,82
259,1007
259,255
259,2654
259,2653
1796,1797
1796,1815
1796,1795
1796,796
2989,184
2989,275
3470,439
3470,3471
3470,3451
3470,3453
3499,105
3499,3508
3499,4179
3499,4180
3499,3492
3499,3496
766,207
19,2999
19,38
19,2984
19,2983
19,62
19,241
19,2964
19,2965
19,2968
19,3002
19,2974
19,1077
19,564
19,273
56,895
56,1
56,2247
56,2245
56,548
56,2236
56,353
56,3958
277,3029
277,3026
277,3860
277,4152
2446,570
2446,366
2446,244
1063,627
1063,2887
1063,61
1244,196
1244,29
1244,3702
1244,3698
1244,3696
2070,2069
2070,4123
2070,2071
2070,3944
4214,4213
4214,3770
4214,4215
3429,693
3429,39
1551,1550
1551,4051
1551,3385
1551,1552
193,39
193,4059
193,4060
193,3413
193,146
193,691
193,1195
285,3794
285,289
285,426
285,86
285,281
2172,2171
2172,2169
2172,3952
2577,632
2577,2583
2577,377
81,4101
81,4102
81,210
81,1589
81,1590
81,1583
81,311
81,5
81,172
695,191
695,1200
2277,124
2277,3787
2277,33
2277,232
3911,227
3911,3912
3911,76
4116,95
4116,509
4116,1867
4116,4115
921,124
921,232
921,2346
1558,1557
1558,1559
1558,4038
3152,3518
3511,89
3511,705
3794,3441
3794,699
3794,297
3794,4047
3794,4048
3794,281
3794,285
3794,3793
705,89
705,4077
705,1215
705,3511
1825,51
1825,113
1825,1824
1825,1818
3119,186
3119,1131
3119,410
3119,1130
3993,57
3993,257
3993,3994
3993,367
1566,474
1566,253
1743,1745
1843,320
1843,4236
403,62
403,4234
3017,3859
3017,276
3055,978
3055,2624
3055,3056
3361,3868
3361,689
3361,3360
3361,3364
3361,3358
4002,4001
4002,3811
4002,3812
4002,4003
4002,26
2654,255
2654,259
2654,82
2654,991
707,1219
707,1224
707,3551
707,195
707,3519
1932,831
1932,1934
1932,54
1932,1941
95,116
95,96
95,1968
95,1972
95,509
95,4115
95,4116
95,51
95,113
95,322
614,266
614,615
614,4145
614,140
614,1023
2948,632
2948,377
2985,2995
2985,2986
2985,640
2985,2997
821,52
821,3785
2600,2628
2600,2607
2600,591
2600,980
2616,2624
2616,978
2616,2615
2616,2626
404,184
404,2988
404,1078
404,62
404,640
1283,1285
1283,452
1283,1302
1283,1301
1283,30
1283,1265
1563,17
1563,1011
1563,473
1563,1561
61,2881
61,2866
61,4014
61,627
61,1063
61,1055
61,396
61,621
61,181
61,4007
61,4008
253,1566
253,474
253,386
253,384
253,595
253,3791
2999,2998
2999,19
2999,38
3837,41
3837,3838
3837,2
3837,3836
3230,670
3230,4042
3230,672
3230,279
347,229
347,45
347,2147
347,2151
1245,196
1245,449
1847,219
1847,491
1847,3932
3730,3668
3730,36
3730,3732
3785,4118
3785,821
3785,52
3785,3786
3785,1762
3785,1761
3785,1760
3785,157
1671,1672
1671,1674
1671,1670
1671,212
2077,2078
2077,2090
2077,2093
2077,2365
2077,3845
2077,3846
2077,2076
3847,80
3847,663
3847,3861
3847,3849
3847,3966
3847,3969
3847,3970
4120,4119
4120,224
4120,55
4120,94
1904,4
1904,1907
1904,1903
1904,1898
115,1899
115,1903
115,1908
115,1912
115,504
115,73
115,1895
115,216
214,501
214,314
214,31
1219,1224
1219,707
1219,4078
1219,4079
1219,4080
1310,65
1310,1309
1310,1299
1310,1312
244,2446
244,570
244,366
244,2431
244,2432
244,2430
244,2429
244,2428
1709,1710
1709,1715
1709,1705
3473,3471
3881,3882
3881,4201
3881,4202
3881,4203
3881,3878
79,352
79,3956
79,234
79,899
79,2180
79,4129
79,4130
79,230
79,3806
118,2035
118,2021
118,2026
118,4232
118,846
118,73
181,18
181,2866
181,61
181,2837
181,4007
181,83
181,4148
2583,632
2583,585
2583,2577
2485,246
2485,371
2485,2484
2485,2489
2485,2491
2485,2477
1265,109
1265,1285
1265,1283
1265,30
2110,77
2110,2120
2110,2119
2110,2126
2110,2109
2110,533
3063,3739
3063,176
3063,3743
4039,49
4039,1145
4039,4040
4039,1142
2044,2045
2044,518
3370,3341
1624,1623
1624,7
1624,1625
1624,3909
63,107
63,1162
703,148
703,89
703,3510
1494,756
1494,3783
1494,1493
1494,3974
80,362
80,3863
80,48
80,663
80,3847
80,3964
80,3965
80,3966
116,74
116,42
116,514
116,1979
116,95
116,1972
116,51
2056,525
2056,2057
2056,330
3932,3931
3932,1847
3932,491
262,139
262,140
262,2723
262,25
262,260
2818,4146
2818,140
3668,4081
3668,4082
3668,36
3668,448
3668,3730
46,231
46,3449
46,9
46,661
46,549
46,362
46,3963
46,1
200,199
200,456
200,3898
200,457
200,1327
200,1309
200,1308
759,204
759,1511
759,1512
759,205
759,1500
759,1499
759,1498
1345,3889
1345,3801
1345,730
3947,100
3947,539
3947,3948
3947,870
3947,77
2912,2911
2912,4018
2912,4015
3830,3832
3830,3775
3830,1228
3830,4153
3878,3881
3878,4195
3878,4196
3878,3877
3891,3890
3891,733
3891,307
3891,3892
3891,3801
3925,3924
3925,789
3925,3926
1487,1488
1487,3853
1487,21
2625,3056
2625,2624
2625,2626
2625,3058
4135,24
4135,4136
4135,2543
4135,2548
4135,173
4135,2528
1524,3905
2477,246
2477,2485
2477,2484
2477,3854
2477,369
1729,4114
1729,1732
1729,1728
1729,1726
2925,271
2925,4021
2925,400
2925,1069
3716,106
3716,3717
3716,3715
2968,19
2968,3857
13,382
13,176
13,591
13,593
13,3986
13,3987
13,3988
13,58
13,3796
1602,1601
1602,150
1602,1603
1602,768
1792,1817
1792,1819
1792,1791
1792,1793
2252,2248
2252,125
1996,2006
1996,1997
1996,841
2346,921
2346,232
2346,558
3965,3964
3965,80
3965,3966
105,3508
105,148
105,3499
105,4180
968,377
968,35
968,2569
2398,128
2398,242
234,14
234,899
234,123
234,34
234,4128
234,4130
234,79
509,1968
509,95
509,335
509,1868
509,1867
509,4116
692,3413
692,1195
692,146
692,3412
692,4053
692,87
2394,2393
2394,128
2394,2397
22,208
22,69
22,475
22,1568
22,1570
22,1573
22,1574
22,1577
22,767
402,2950
402,966
402,35
402,2568
402,2953
402,3807
1574,22
1574,1577
1574,1572
1574,1573
454,40
454,305
454,1325
454,304
454,1316
454,1286
1005,82
1005,37
1005,4141
1005,59
2891,2890
2891,2884
4235,344
4235,508
3058,3057
3058,2625
3058,2626
3058,3059
3984,3983
3984,1047
3984,84
3984,3782
829,54
829,1935
829,93
2075,2074
2075,2078
2075,2076
2075,3946
2151,347
2151,45
2151,2147
1184,103
1184,3381
1184,432
1286,1316
1286,508
1286,454
1286,304
1286,52
3789,420
3789,3277
3789,417
3789,190
3789,3790
3789,3865
3789,3866
2232,2231
2232,3957
2232,3958
2232,2235
2232,891
3334,145
3334,1174
3334,426
113,51
113,95
113,322
113,1853
113,1825
113,1824
113,1823
113,1822
504,3768
504,73
504,115
1674,1673
1674,1675
1674,1671
4201,3881
4201,4202
4201,4196
1169,680
1169,290
227,1737
227,525
227,76
227,3911
227,1610
632,585
632,4149
632,2577
632,2583
632,2948
632,377
2374,2375
2374,5
2374,2371
3059,3058
3059,2628
3059,980
3345,684
3345,3344
3345,145
410,1130
410,3119
410,1131
410,409
495,158
495,805
495,219
495,492
1697,1700
1697,1698
1697,481
2565,2566
2565,35
2565,2564
2565,1076
2072,2071
2072,4123
2072,2073
2072,3945
3996,3995
3996,17
3996,256
3996,254
3996,2648
68,4096
68,4098
68,3900
68,3902
68,470
68,1447
68,67
68,4094
497,223
497,42
497,3772
1944,507
1944,3936
2170,2213
2170,2171
2170,3951
2248,2252
2248,2250
2248,125
947,57
947,569
947,366
1571,1570
1571,1572
1571,1567
4016,4015
4016,400
4016,142
4016,1064
4053,692
4053,3412
4053,4054
4053,87
717,107
717,3711
717,108
1868,1867
1868,509
1868,335
1868,1965
4093,1403
4093,1416
4093,1422
4093,4094
4093,67
4093,457
1830,112
1830,111
1830,488
1307,1308
1307,41
1307,1297
1580,15
1580,477
4134,4133
4134,924
4134,2365
4134,2094
4134,2093
4202,3881
4202,4203
4202,4201
275,2989
275,2991
275,184
3939,32
3939,3940
4059,4058
4059,3422
4059,4060
4059,193
3923,3920
3923,789
3923,3924
4147,83
4147,4148
107,63
107,4083
107,4084
107,1248
107,3719
107,3711
107,301
107,717
1621,312
1621,7
1621,1622
1621,775
3057,3736
3057,3056
3057,3058
3057,980
3341,3370
3341,3371
3341,3342
3341,1174
2935,629
2935,271
3823,289
3823,27
3823,3824
3823,86
1531,1530
1531,3452
1531,1
1531,1515
2064,2063
2064,43
2064,1922
62,2983
62,640
62,404
62,1078
62,403
62,19
771,230
771,1632
771,344
2878,2884
2878,4011
2878,18
2878,269
4165,413
4165,3167
4165,4166
4165,187
4218,3778
4218,3772
4218,4217
36,3733
36,3732
36,3668
36,3730
36,715
36,3684
36,448
36,4209
36,4210
36,383
36,714
36,4025
36,4139
36,177
36,978
36,3989
65,304
65,198
65,1328
65,199
65,1327
65,452
65,109
2564,2565
2564,35
2564,633
2564,2954
2942,10
2942,585
2892,2903
3770,4028
3770,2844
3770,2843
3770,2833
3770,394
3770,3782
3770,1037
3770,4213
3770,4214
3770,4215
3770,4216
3931,3930
3931,3932
3940,3939
3940,32
3940,2051
344,2131
344,2143
344,870
344,3948
344,230
344,4125
344,4126
344,2122
378,2578
378,2582
378,10
378,2579
378,35
4091,462
4091,463
4091,4092
4091,307
891,2232
891,2228
891,12
1704,482
1704,1703
1704,1701
3410,691
3410,1195
3410,87
3410,296
3736,3735
3736,3057
1782,1783
1782,1780
1782,1779
1782,789
2095,2096
2095,4133
2095,2094
2095,861
3029,3026
3029,277
2005,337
2005,97
2005,75
10,2942
10,585
10,2941
10,2581
10,2584
10,586
10,2582
10,2579
10,378
1297,1299
1297,1307
1297,41
1297,1302
1672,4110
1672,1673
1672,1671
1672,212
3815,4154
3815,3775
3815,3776
3815,4223
3815,3816
31,214
31,828
31,505
31,221
31,783
31,1905
31,314
31,313
765,3353
765,1552
765,1545
765,1544
765,1553
765,1554
820,152
820,499
820,151
1979,514
1979,513
1979,1982
1979,96
1979,1972
1979,116
3358,3868
3358,3361
3358,3360
3358,294
204,309
204,1507
204,28
204,205
204,759
204,1498
204,3903
646,185
646,3005
646,3006
646,3007
646,3008
646,85
4042,4041
4042,3790
4042,672
4042,670
4042,3230
2581,10
2581,586
2581,2580
8,962
8,370
8,173
8,134
8,16
472,1533
472,3793
472,1532
472,1226
3983,251
3983,84
3983,3984
3983,2586
3983,3782
669,1140
669,3820
669,279
1772,4117
1772,1773
1772,3929
3926,3925
3926,789
4203,3881
4203,3882
4203,4204
4203,4202
98,2066
98,23
98,1712
98,483
98,44
730,1345
730,3801
730,40
2322,553
2322,2321
2322,556
2322,909
2050,342
2050,162
92,1814
92,490
92,3772
92,42
92,217
92,156
92,789
163,527
163,863
163,99
163,855
974,658
974,382
974,3796
974,143
2035,118
2035,843
2995,2994
2995,2985
2995,2997
1659,1660
1659,1668
1659,1658
1727,1726
1727,1728
1727,1722
3072,659
3072,983
3072,2312
3072,2313
3072,2314
3072,912
4088,4087
4088,134
4088,984
4088,4086
1884,1883
1884,816
1884,1770
1884,317
2348,545
2348,232
3344,3345
3344,145
1629,1628
1629,7
1629,3908
1716,1717
1716,1721
1716,1715
1741,4
1741,1898
1741,1742
1953,498
1953,52
1953,1954
1953,4117
3008,646
3008,185
3008,3858
3008,3007
3026,3029
3026,3037
3026,3817
3026,3818
3026,3033
3026,277
352,2192
352,169
352,14
352,33
352,79
352,899
352,3953
352,3955
352,3956
501,507
501,52
501,214
1703,1704
1703,482
1703,7
1703,1702
1714,1713
1714,1717
1714,1715
1714,1710
3883,3884
3883,4206
3883,4207
3883,4208
3883,3882
362,46
362,661
362,3863
362,80
362,3963
362,3964
2662,595
2662,260
2662,17
2662,3995
1753,216
1753,1754
1753,3779
3394,434
3394,295
3938,3937
3938,4121
3938,4122
3938,513
3938,1982
145,292
145,4050
145,684
145,3345
145,3344
145,426
145,3334
145,4047
145,4048
3958,3957
3958,56
3958,2236
3958,2232
4072,4071
4072,4073
4072,194
4195,3878
4195,4196
4195,4194
353,2235
353,2236
353,56
353,2227
353,2226
353,2225
413,4038
413,3167
413,4165
413,187
2866,18
2866,4014
2866,61
2866,181
93,54
93,829
93,332
93,7
93,221
3037,3817
3037,3026
3895,3892
3895,307
3895,3896
3895,3802
4033,4032
4033,11
4033,4034
4033,9
3857,3002
3857,2974
3857,2968
3857,3858
3857,636
670,3228
670,1145
670,4172
670,4041
670,4042
670,279
670,3230
670,3820
1737,525
1737,1923
1737,227
3799,420
3799,27
3799,3824
3799,3800
3799,676
3799,680
3799,3821
3799,417
699,297
699,3794
699,3441
1761,1762
1761,3785
1761,1760
3326,3800
3326,680
2938,4028
2938,3781
3804,3803
3804,805
3804,112
3804,72
1755,1754
1755,216
1755,318
2226,2227
2226,353
2226,2225
2226,12
847,162
847,2049
847,518
847,4
3487,3492
3487,4177
3487,4178
3487,701
71,1811
71,798
71,158
71,3803
71,1849
71,1812
796,1789
796,1796
796,1795
796,1794
796,1780
2045,2044
2045,518
2579,378
2579,10
2579,4237
303,3757
303,722
303,16
303,984
303,4087
1383,307
1383,4092
1383,201
1383,4089
4177,701
4177,3487
4177,4178
4177,439
3858,3006
3858,3007
3858,3008
3858,185
3858,3857
386,474
386,260
386,595
386,253
4111,777
4111,4112
4111,212
4111,4106
4233,216
4233,3772
320,1959
320,1842
320,1841
320,1843
74,336
74,55
74,1985
74,161
74,116
74,514
74,42
1997,1996
1997,842
1997,55
1997,841
3125,3124
3125,3133
3125,3126
3125,4157
3869,147
3869,1203
3869,3870
3869,294
3869,3347
3869,431
3869,1204
3869,697
6,1419
6,3841
6,3842
6,118
6,2
596,256
596,17
596,257
596,57
1972,116
1972,1979
1972,96
1972,95
783,31
783,4
783,1905
783,485
783,1750
1739,1738
1739,4
1739,1740
18,269
18,2878
18,4011
18,4012
18,4013
18,4014
18,181
18,2866
18,83
18,4005
18,4006
382,658
382,176
382,13
382,974
382,3796
3979,132
3979,3980
3979,565
4163,11
4163,4164
4163,3133
4163,3136
498,52
498,1953
498,4117
3973,2309
3973,2312
3973,3974
3973,34
230,539
230,3806
230,79
230,2180
230,879
230,344
230,2143
3944,3943
3944,2071
3944,2070
3944,3945
3946,3945
3946,2075
3946,2076
3946,3845
208,22
208,767
3005,646
3005,85
337,2007
337,97
337,2005
337,55
1842,320
1842,1841
1842,1840
4011,2884
4011,1064
4011,142
4011,4012
4011,18
4011,2878
2152,120
2152,541
2152,45
586,10
586,2584
586,2585
586,2581
586,2580
157,1833
157,158
157,492
157,798
157,1834
342,32
342,2050
3908,3910
3908,1628
3908,1629
3908,1627
3428,4176
3428,694
4052,4051
4052,87
4052,295
4052,3392
689,3868
689,87
689,3365
689,1188
689,3364
689,3361
2684,601
2684,138
2684,259
1050,396
1050,2867
1050,3811
1050,3812
1649,212
1649,1657
1649,1648
1649,1646
3910,3909
3910,1626
3910,1625
3910,3908
4141,37
4141,4142
4141,1005
1587,311
1587,1593
1587,1585
3802,3801
3802,3892
3802,3895
3802,3896
3802,199
3802,305
3802,198
3802,1328
1788,217
1788,1789
1788,1780
1788,1783
3782,3983
3782,3984
3782,3781
2312,2313
2312,3072
2312,983
2312,3973
560,5
560,3976
560,2368
560,2367
560,924
560,4133
2066,23
2066,98
2245,56
2245,548
2245,2246
2049,162
2049,847
3856,101
3856,3810
3856,3997
3856,3798
3856,3855
1675,1674
1675,1676
1675,1670
1762,1777
1762,3785
1762,1761
1762,3932
3952,3951
3952,2171
3952,2172
3952,2163
3952,3950
55,224
55,841
55,1997
55,842
55,337
55,74
55,1985
55,336
55,4120
1957,1956
1957,834
1957,4118
3994,3993
3994,2653
3994,257
3994,255
3994,133
3994,367
4174,49
4174,1142
4174,4173
2355,125
2368,5
2368,561
2368,2367
2368,2370
2368,560
3519,707
3519,195
4003,4002
4003,3812
4003,4004
4003,26
318,3779
318,490
318,1814
318,789
318,3919
318,3920
400,1069
400,2925
400,4018
400,4021
400,4022
400,630
400,142
400,4015
400,4016
1474,471
1474,3901
1474,4096
1474,1458
3679,449
3679,3695
3679,715
3679,4210
198,1325
198,305
198,3802
198,65
198,1328
198,304
627,142
627,2915
627,2887
627,1063
627,2881
627,61
4119,224
4119,4120
4119,94
962,3852
962,370
962,8
962,16
1073,1228
1073,4154
1073,629
1073,183
1073,3649
1188,689
1188,87
1188,3365
2881,142
2881,627
2881,61
2881,4014
1561,17
1561,1563
1561,2704
1561,257
1600,210
1600,110
1600,1601
1600,1599
335,96
335,509
335,1968
335,1868
335,1965
1177,431
1177,3351
1177,3369
1177,684
1193,3408
1193,4054
2950,402
3992,3991
3992,143
3992,3795
3992,278
2169,2168
2169,2165
2169,2172
4020,4019
4020,1069
4020,4018
4020,2910
4020,1065
722,3853
722,16
722,303
722,3757
1450,21
1450,1458
1450,1449
1450,1451
3210,3211
3210,3208
1030,392
1030,2792
1030,60
1913,4
1913,1915
1913,1912
1913,1907
2124,2125
2124,2130
2124,2123
2124,2119
59,82
59,991
59,1005
59,15
59,91
217,92
217,156
217,1798
217,1788
217,1789
217,1783
217,789
640,2997
640,2985
640,2986
640,2987
640,404
640,62
640,2984
640,2983
3902,3901
3902,3900
3902,68
4128,234
4128,121
4128,4130
4131,34
4131,4132
3684,448
3684,3693
3684,4209
3684,36
1204,1203
1204,3869
1204,697
1204,3438
1552,3353
1552,1551
1552,1545
1552,765
2225,2226
2225,353
2225,2224
2225,12
2236,3958
2236,56
2236,353
2236,2235
83,267
83,4006
83,18
83,181
83,4147
83,4148
83,615
83,1041
816,1885
816,1884
816,1770
816,1883
3797,1011
3797,2725
3797,3855
3797,3798
3797,601
3797,1014
348,12
348,2218
348,2217
348,120
348,45
364,5
364,2357
364,3975
364,99
1740,1739
1740,1742
2071,2070
2071,4123
2071,2072
2071,3944
448,3668
448,4082
448,3684
448,3693
448,36
584,2959
584,2561
601,3797
601,178
601,1014
601,138
601,2684
991,255
991,2654
991,82
991,59
991,15
2994,2993
2994,2986
2994,2995
4019,183
4019,629
4019,1069
4019,4020
4019,1065
4140,4139
4140,4025
4140,4026
4140,383
4112,4110
4112,212
4112,4111
882,2173
882,78
882,542
1623,1622
1623,7
1623,1624
1623,3909
84,2896
84,182
84,1047
84,397
84,251
84,3659
84,3983
84,3984
219,4118
219,495
219,492
219,1847
219,491
513,1982
513,3938
513,4122
513,96
513,1979
4028,4027
4028,251
4028,2586
4028,3781
4028,2938
533,2102
533,165
533,2109
533,2110
3722,450
3722,4082
4210,4209
4210,3679
4210,449
4210,715
4210,36
3995,595
3995,17
3995,2662
3995,3996
3995,254
3995,2649
2206,546
2206,545
2953,402
2953,2568
2953,1076
2953,3807
182,656
182,183
182,3045
182,2899
182,84
2076,2075
2076,2077
2076,3845
2076,3946
2568,402
2568,35
2568,2566
2568,2953
2251,2250
3714,3715
3714,3717
3714,3713
3714,716
3853,369
3853,3854
3853,722
3853,16
3853,1487
473,25
473,263
473,2735
473,1011
473,17
473,1563
1453,1452
1453,4097
1453,1423
2962,2959
2962,38
2962,2963
2962,3807
3986,3988
3986,177
3986,2609
3986,593
3986,13
4001,621
4001,3811
4001,4002
4001,26
12,2228
12,2227
12,2226
12,2225
12,2224
12,891
12,229
12,348
12,2218
12,540
12,873
1973,94
1973,336
1973,223
156,92
156,42
156,51
156,1798
156,489
156,217
4180,3499
4180,105
4180,4179
4217,3778
4217,4218
4217,3772
101,613
101,2809
101,26
101,3856
101,3997
101,3809
101,3810
405,85
2096,2097
2096,4133
2096,2095
2096,861
3810,3809
3810,101
3810,3856
3810,25
3810,263
714,36
714,715
714,4025
86,285
86,289
86,3823
86,3824
86,420
86,1158
86,281
333,54
333,1938
333,1933
333,1934
660,3066
660,278
660,361
660,2317
3112,48
3112,409
3112,408
3112,663
3790,3789
3790,3268
3790,190
3790,672
3790,3866
3790,4041
3790,4042
764,205
764,4066
764,1530
764,1516
764,1512
764,1511
3510,148
3510,703
2465,134
2465,3791
2465,3761
593,2609
593,3986
593,3990
593,13
2653,257
2653,259
2653,255
2653,3994
3733,3732
3733,36
178,1014
178,2740
178,606
178,37
178,47
178,138
178,601
301,107
301,719
301,108
263,25
263,3810
263,3855
263,473
263,2735
4013,4012
4013,142
4013,4014
4013,18
1738,485
1738,4
1738,1739
2576,35
2576,2575
2576,248
152,1769
152,1885
152,317
152,151
152,820
1715,1714
1715,1716
1715,1709
4129,79
4129,4130
4129,121
1985,55
1985,161
1985,74
2350,2349
2350,2256
2350,2351
25,140
25,262
25,3809
25,3810
25,473
25,263
25,2723
25,17
168,2183
168,169
168,2192
168,3805
168,3953
168,78
1546,3360
1546,1188
1546,3392
1546,1548
3095,3094
3095,3097
3095,3850
2559,3808
2559,2956
2559,248
3494,3460
1557,1145
1557,1558
1557,4038
1640,1645
1640,1647
1640,776
2098,2099
2098,2359
2098,2097
2098,861
4094,1435
4094,4097
4094,68
4094,67
4094,4093
280,3793
280,281
280,49
280,1208
280,700
3460,3494
3460,3495
3460,28
3460,3905
1820,1819
1820,1823
1820,1821
1820,1791
1885,816
1885,152
1885,1769
123,237
123,2302
123,238
123,910
123,34
123,14
123,234
169,2351
169,2257
169,33
169,352
169,168
169,2192
3974,3973
3974,34
4164,11
4164,4035
4164,3133
4164,4163
1955,1954
1955,52
1955,4117
142,400
142,1064
142,4016
142,630
142,1067
142,2881
142,627
142,2915
142,4011
142,4012
142,4013
142,4014
1554,1553
1554,765
1554,1544
1554,1543
1760,1761
1760,3785
4064,4063
4064,701
4064,4065
4064,205
2097,2098
2097,4133
2097,2096
2097,861
2192,168
2192,169
2192,352
2192,3953
2217,120
2217,348
1745,1743
176,3739
176,3063
176,591
176,4137
176,4138
176,13
176,382
176,658
176,3743
3124,9
3124,3133
3124,3125
3124,4157
3495,28
3495,3460
3832,3831
3832,3775
3832,3830
4204,3882
4204,4207
4204,4203
530,2101
530,125
530,164
530,2086
553,3850
553,3972
553,3097
553,909
553,2322
553,3788
4106,4111
4106,70
4106,212
4106,4108
132,2036
132,2425
132,569
132,568
132,367
132,243
132,2440
132,3979
132,3980
229,873
229,12
229,45
229,347
1130,48
1130,186
1130,3119
1130,410
1130,409
2584,10
2584,2585
2584,586
3803,158
3803,805
3803,3804
3803,1849
3803,71
4086,4088
4086,134
4086,3761
767,208
767,22
831,1938
831,1933
831,1932
831,1939
831,1940
1853,113
1853,322
1853,1854
2222,2220
2222,2218
3934,3933
3934,54
548,56
548,2245
548,2246
570,254
570,3792
570,256
570,2648
570,2446
570,57
570,244
941,2428
941,2429
941,2427
3784,24
3784,246
3784,371
3784,3783
3817,3816
3817,4222
3817,4227
3817,4228
3817,3818
3817,3037
3817,3026
143,1253
143,3747
143,658
143,974
143,3796
143,3991
143,3992
3518,194
3518,4074
3518,3527
3527,3518
3527,4074
3527,3515
361,3077
361,660
361,238
361,2317
361,910
873,12
873,229
1069,629
1069,2925
1069,271
1069,400
1069,4018
1069,4019
1069,4020
1299,1310
1299,1308
1299,1297
1299,1301
4004,4003
4004,2795
4004,3812
4004,619
4004,26
4175,4176
4080,4079
4080,1219
91,477
91,15
91,59
91,4099
91,4100
91,69
2147,347
2147,2151
2147,2145
3775,710
3775,3776
3775,3815
3775,3827
3775,3828
3775,3830
3775,3831
3775,3832
3775,4153
3775,4154
4130,79
4130,234
4130,4128
4130,121
4130,4129
3700,3699
3700,3701
3700,757
1938,333
1938,1933
1938,831
2365,4134
2365,924
2365,3846
2365,2077
3496,3499
3496,3492
3496,1214
195,707
195,3551
195,194
195,4071
195,3519
195,4067
195,4068
2171,2170
2171,2172
2171,3952
733,20
733,307
733,3889
733,3890
733,3891
1498,204
1498,759
1498,3904
1797,1798
1797,489
1797,1796
1797,1789
397,2896
397,84
397,2894
397,269
397,2850
397,1047
3937,161
3937,4121
3937,3938
3937,514
4108,1632
4108,1694
4108,4106
4108,70
4108,4107
4173,49
4173,4174
4173,11
158,492
158,495
158,805
158,71
158,3803
158,157
158,1834
1214,3496
1214,3492
1214,28
3816,3815
3816,4222
3816,4224
3816,3817
561,5
561,172
561,2370
561,2368
4007,181
4007,61
4007,4008
4007,2837
2308,912
2308,2314
2308,2309
2308,34
2899,182
2899,1065
431,3869
431,3351
431,294
431,3369
431,1177
431,3347
431,292
1754,1753
1754,216
1754,1755
1754,3778
4230,4229
4230,3778
4230,3779
3882,3883
3882,4203
3882,4204
3882,4207
3882,3881
434,1187
434,3394
434,295
1019,180
1019,179
1019,47
1019,606
2085,99
2085,2100
2085,2084
2085,2088
2085,2068
3859,3017
3859,4151
3859,3860
3859,276
17,2723
17,2662
17,260
17,25
17,473
17,1563
17,257
17,1561
17,256
17,596
17,3995
17,3996
1196,146
1196,3414
3787,124
3787,3970
3787,3971
3787,3972
3787,3788
3787,33
3787,2277
3998,3997
3998,2781
3998,60
3998,179
3998,390
3998,180
106,1248
106,716
106,3715
106,3716
106,3703
106,29
1488,1489
1488,369
1488,1487
1488,21
3378,3384
3378,3386
3378,295
3378,103
260,2721
260,262
260,2723
260,139
260,17
260,2662
260,595
260,386
260,474
1404,90
1404,1424
1404,1423
1404,1403
1404,1416
1404,201
1694,1635
1694,4108
1694,1632
2837,181
2837,4007
449,3693
449,1245
449,3679
449,3695
449,4209
449,4210
1224,707
1224,1219
3717,3716
3717,3718
3717,3714
38,2999
38,19
38,273
38,2962
38,2963
38,2959
1142,49
1142,4039
1142,4174
1208,3793
1208,280
1208,700
1208,1542
117,2376
117,929
117,97
117,338
1572,1573
1572,1574
1572,1577
1572,1571
2121,2120
2121,2122
2121,2109
3347,3869
3347,431
3347,292
3347,697
4099,91
4099,4100
4125,879
4125,4126
4125,344
481,1697
481,1698
481,7
481,312
490,3772
490,92
490,318
490,1814
1452,1451
1452,1449
1452,4097
1452,1453
3822,3821
3822,290
3822,1166
3822,3296
3822,190
1726,4113
1726,1729
1726,1727
1726,1723
1773,1772
1773,4117
1773,1774
1773,3930
3228,3866
3228,4041
3228,670
3228,4172
4058,4057
4058,4059
4058,39
895,170
895,1
895,56
895,3957
1422,1423
1422,1435
1422,4093
1422,1416
237,909
237,3788
237,556
237,2302
237,123
237,14
1458,21
1458,1474
1458,471
1458,4096
1458,4098
1458,1450
1458,1449
1822,1823
1822,113
1822,1821
3957,170
3957,895
3957,3958
3957,2231
3957,2232
190,417
190,676
190,3821
190,3822
190,3789
190,3790
2057,2056
2057,2058
2057,330
2376,172
2376,117
3791,3761
3791,2465
3791,253
3791,3792
295,3392
295,434
295,3394
295,4052
295,3388
295,103
295,3386
295,3385
295,3378
1055,61
1055,396
3987,2606
3987,177
3987,592
3987,3988
3987,13
3987,591
4021,271
4021,4022
4021,400
4021,2925
4161,3126
4161,3133
4161,4162
4161,186
4161,4158
479,1669
479,1676
479,1667
479,1668
1577,22
1577,1572
1577,1574
2250,2251
2250,2248
2841,2842
2841,269
2841,394
2841,2833
2069,2068
2069,2084
2069,2070
2069,3943
2988,404
507,1944
507,3936
507,501
507,52
3969,3966
3969,3847
3969,3970
3969,124
4041,3866
4041,3790
4041,4042
4041,3228
4041,670
4063,28
4063,701
4063,4064
4063,205
3111,4156
2543,4135
2543,2548
2543,370
2543,2528
1603,1602
1603,150
1603,478
1603,1598
2068,99
2068,2085
2068,2069
2068,3943
51,42
51,95
51,116
51,1825
51,113
51,156
51,489
51,1827
51,1826
99,163
99,863
99,364
99,2068
99,2100
99,2085
99,3943
1698,1697
1698,1699
1698,7
1698,481
2063,2062
2063,2064
2063,330
2241,2242
2241,2240
2241,892
2242,1
2242,2243
2242,2241
111,488
111,1830
111,112
111,1813
111,3917
1037,267
1037,2826
1037,1041
1037,615
1037,266
2608,2626
2608,2615
2608,592
2608,2607
2964,19
2964,2965
2964,636
2964,241
3719,107
3719,4084
3719,1248
3936,3935
3936,1944
3936,507
3936,52
606,2740
606,610
606,180
606,1019
606,47
606,178
1625,1624
1625,7
1625,1626
1625,3910
2165,2169
2165,2168
2165,882
2165,2166
2357,364
2357,3975
2357,2358
2357,2100
2624,3055
2624,978
2624,2616
2624,2625
3338,27
3338,3800
121,2180
121,4128
121,4129
121,4130
121,923
121,879
1493,1494
1493,3783
1493,1492
1493,21
1,231
1,46
1,549
1,56
1,2247
1,2242
1,2243
1,2244
1,895
1,170
2580,2581
2580,586
108,719
108,301
108,717
108,450
1783,217
1783,1788
1783,1782
1783,789
2062,2061
2062,2063
2062,330
2065,43
2065,852
131,929
131,565
131,3980
131,3981
131,3982
131,75
983,659
983,58
983,2312
983,3072
1824,1825
1824,113
1824,1823
1824,1819
1954,1953
1954,52
1954,1955
1954,4117
2173,78
2173,882
48,3863
48,3864
48,186
48,4158
48,1130
48,3112
48,409
48,80
48,663
1770,1884
1770,816
1770,1769
1770,317
3703,106
3703,29
2094,2095
2094,4134
2094,2093
2094,861
2792,392
2792,1030
3772,4217
3772,4218
3772,497
3772,92
3772,42
3772,490
3818,3817
3818,4226
3818,4228
3818,3033
3818,3026
1433,90
1433,1423
1433,1424
1601,1600
1601,150
1601,1602
1601,768
3966,3965
3966,80
3966,3847
3966,3969
2842,2851
2842,269
2842,2841
2842,2843
3836,30
3836,41
3836,3837
3836,2
3836,3835
545,558
545,546
545,232
545,2348
545,2206
676,3799
676,3821
676,190
676,417
4054,4053
4054,1193
4054,87
15,133
15,255
15,567
15,59
15,991
15,91
15,1580
15,477
15,938
23,76
23,1713
23,1718
23,1719
23,4113
23,4114
23,2066
23,98
23,1712
1779,1782
1779,1780
2910,1065
2910,4020
2910,2911
2910,2905
2984,2998
2984,640
2984,2983
2984,19
3868,191
3868,147
3868,296
3868,3358
3868,689
3868,3361
3868,87
3868,3870
221,93
221,31
1814,318
1814,490
1814,92
1814,789
2088,2085
2088,2099
2088,861
2088,2084
2845,1047
2845,2850
2845,2844
3980,3979
3980,132
3980,243
3980,3981
3980,131
1721,1720
1721,1722
1721,1716
266,1037
266,615
266,1023
266,614
266,139
1174,3334
1174,3343
1174,3336
1174,27
1174,426
1174,3322
4060,4059
4060,3422
4060,146
4060,193
4082,4081
4082,3722
4082,448
4082,3668
4092,4091
4092,1392
4092,463
4092,201
4092,1383
716,106
716,3715
716,3714
716,29
1559,1558
1559,1140
1559,413
2051,32
2051,3940
3365,689
3365,1188
2649,595
2649,3995
2649,254
2649,384
3844,172
3844,3846
2256,2255
2256,33
2256,2257
2256,2350
2894,2895
2894,2893
2894,397
1713,23
1713,1718
1713,1714
1713,1711
1908,1907
1908,1912
1908,115
1908,1903
4137,980
4137,3737
4137,4138
4137,176
2484,2485
2484,2489
2484,3852
2484,2477
3827,710
3827,3775
3827,3828
3930,3929
3930,1845
3930,3931
4194,3877
4194,4195
4194,4193
76,227
76,3911
76,3912
76,1735
76,484
76,23
76,4114
2060,2059
2060,2061
2060,330
2125,77
2125,2129
2125,2124
2125,2126
3376,432
3376,3374
4110,1680
4110,1672
4110,1673
4110,212
4110,4112
2628,3059
2628,2626
2628,2600
2628,980
224,841
224,55
224,4119
224,4120
691,39
691,193
691,3410
691,1195
691,296
3912,3911
3912,76
4123,2084
4123,861
4123,4124
4123,2072
4123,2071
4123,2070
1628,1627
1628,7
1628,1629
1628,3908
2895,2902
2895,2894
2895,2896
2429,2428
2429,244
2429,2430
2429,941
4071,195
4071,4072
4071,194
1078,404
1078,62
1742,4
1742,1741
1742,1740
2265,4132
1657,212
1657,1660
1657,1658
1657,1649
3197,11
3197,3199
3197,4035
4172,4171
4172,3228
4172,3866
4172,670
4172,1145
1632,230
1632,1694
1632,1635
1632,4108
1632,771
3793,3794
3793,1542
3793,1208
3793,280
3793,281
3793,472
4171,4170
4171,3866
4171,4172
4171,1145
216,499
216,151
216,1895
216,115
216,4233
216,1755
216,1754
216,1753
1423,1424
1423,1433
1423,1453
1423,1422
1423,1435
1423,1404
3831,3828
3831,3775
3831,3832
4228,4227
4228,4226
4228,3817
4228,3818
2998,2997
2998,2984
2998,2999
27,3336
27,3340
27,3372
27,3373
27,1174
27,3322
27,103
27,3374
27,432
27,3338
27,3799
27,3800
27,289
27,3823
27,3824
457,200
457,456
457,201
457,1403
457,4093
457,41
457,67
1769,1770
1769,1885
1769,152
1769,317
3788,3787
3788,553
3788,909
3788,3972
3788,14
3788,237
3788,33
851,32
1067,630
1067,2924
1067,142
1041,267
1041,83
1041,615
1041,1037
210,1605
210,4102
210,110
210,1589
210,1599
210,1600
210,81
488,72
488,1830
488,111
539,100
539,3806
539,230
539,2143
539,3947
1813,111
1813,3779
1813,3917
3898,3897
3898,4090
3898,456
3898,200
3898,199
2127,119
2127,345
2127,536
2127,534
4066,4065
4066,439
4066,3453
4066,764
4101,4102
4101,81
1064,2889
1064,4016
1064,142
1064,4011
1673,4110
1673,1674
1673,1672
4151,4152
4151,3859
4151,3860
1077,273
1077,19
33,232
33,2277
33,3787
33,3788
33,14
33,2253
33,2254
33,2255
33,2256
33,2257
33,169
33,352
313,31
124,3969
124,3970
124,2277
124,3787
124,232
124,921
841,1996
841,1997
841,55
841,224
4078,4077
4078,1219
4078,4079
4078,1215
4227,4222
4227,4228
4227,3817
248,2956
248,633
248,35
248,2559
248,2576
248,2575
248,2572
1819,1818
1819,1824
1819,1820
1819,1792
2428,244
2428,2429
2428,941
3801,730
3801,1345
3801,3889
3801,3890
3801,3891
3801,3802
3801,40
3801,305
700,1208
700,280
700,49
700,3446
700,11
1705,1706
1705,1707
1705,1709
2099,2100
2099,2358
2099,2098
2099,2088
409,48
409,410
409,1130
409,408
409,3112
630,400
630,2924
630,1067
630,142
2359,2358
2359,3976
2359,4133
2359,2098
3208,3209
3208,3210
3208,3197
4193,3877
4193,4194
4193,4190
165,534
165,77
165,536
165,533
165,2102
1187,87
1187,1190
1187,434
2073,2072
2073,4124
2073,2074
2073,3945
4122,4121
4122,75
4122,513
4122,3938
4126,4125
4126,879
4126,344
41,457
41,67
41,1396
41,3836
41,3837
41,3838
41,30
52,4231
52,507
52,508
52,3935
52,3936
52,821
52,501
52,498
52,1953
52,1954
52,1955
52,3785
52,4118
191,695
191,296
191,39
191,3868
191,1200
191,690
191,147
3783,983
3783,3784
3783,246
3783,369
3783,756
3783,1494
3783,1493
1011,473
1011,2725
1011,3797
1011,1563
2086,530
2086,164
289,426
289,27
289,3322
289,86
289,3823
289,285
1544,765
1544,1554
1544,3392
1544,3378
1544,1556
1544,3344
2145,2147
2180,230
2180,79
2180,121
2180,879
1553,3351
1553,765
1553,1554
1553,1177
1581,1582
1581,1586
1301,1312
1301,1299
1301,1302
1301,1283
2393,564
2393,128
2393,2394
4188,3875
4188,4189
4188,4187
470,68
470,3900
470,3842
470,1447
470,3840
3905,3460
3905,28
3905,3906
3905,1524
3849,3847
3849,3862
3849,3850
3849,3970
3849,3971
3950,3949
3950,2163
3950,3952
3950,542
3950,120
184,275
184,2989
184,404
184,2993
184,2987
184,2991
209,69
370,371
370,2528
370,2543
370,2548
370,173
370,8
370,962
370,3852
2370,2368
2370,561
2370,2367
3757,722
3757,303
3066,3991
3066,278
3066,660
3413,193
3413,146
3413,692
3413,1195
4169,144
4169,3865
4169,4170
4169,1145
1718,23
1718,1719
1718,1717
1718,1713
1898,4
1898,1904
1898,1899
1898,1741
4006,4005
4006,18
4006,83
4006,267
4050,4049
4050,292
4050,145
4050,4046
966,2569
966,35
966,402
1403,1404
1403,1416
1403,4093
1403,457
1605,210
1605,4102
701,28
701,3487
701,3492
701,439
701,4177
701,4063
701,4064
701,4065
1512,1511
1512,1516
1512,764
1512,759
3896,3895
3896,307
3896,4089
3896,3897
3896,3802
267,2826
267,394
267,4006
267,83
267,1041
267,1037
278,3066
278,2317
278,660
278,3992
278,3795
278,238
508,4235
508,52
1812,71
1812,72
3011,276
3011,185
3353,294
3353,3351
3745,3743
3745,658
330,525
330,2061
330,2062
330,2063
330,2058
330,2059
330,2060
330,2056
330,2057
330,1922
330,1928
330,1929
330,1930
330,1925
330,1926
330,1927
330,1923
330,1924
558,2346
558,232
558,545
558,546
1530,764
1530,3453
1530,1531
1530,1516
613,140
613,2809
613,101
613,3809
1777,1776
1777,4118
1777,3931
2253,232
2253,33
2253,2254
35,966
35,968
35,377
35,2569
35,2578
35,378
35,2576
35,248
35,2568
35,2566
35,2565
35,2564
35,633
35,402
60,26
60,392
60,1030
60,2781
60,616
60,2786
60,3997
60,3998
477,1580
477,15
477,91
477,69
2609,177
2609,3989
2609,593
2609,3986
1285,109
1285,452
1285,1283
1285,1265
3715,106
3715,3716
3715,3714
3715,716
4132,4131
4132,34
4132,2265
100,78
100,3805
100,3806
100,539
100,3947
100,345
100,77
100,119
207,3296
207,1162
207,766
1490,1491
1490,369
1490,1489
1490,21
2006,338
2006,842
2006,1996
2254,2253
2254,33
2254,2255
2911,2910
2911,4018
2911,2912
1215,705
1215,4077
1215,4078
1253,658
1253,143
1253,3747
3343,3342
3343,3336
3343,1174
4031,11
4031,4032
4031,9
1965,1868
1965,335
3900,3902
3900,470
3900,68
256,2648
256,3996
256,17
256,57
256,596
256,570
1645,212
1645,1646
1645,1640
1645,776
1711,1712
1711,1713
1711,1710
1711,483
2047,2048
2047,517
2047,2019
2491,2485
2491,371
2491,3852
2491,2489
2582,10
2582,378
2582,2578
96,1972
96,513
96,1979
96,1968
96,335
96,95
1190,87
1190,3402
1190,1187
2036,843
2036,132
4098,1449
4098,1458
4098,4096
4098,68
4098,4097
4207,3882
4207,3883
4207,4208
4207,4204
4077,89
4077,1227
4077,1226
4077,4078
4077,1215
4077,705
3906,3905
3906,28
3906,309
4232,118
4232,366
3889,733
3889,3890
3889,1345
3889,3801
4065,4064
4065,701
4065,4066
4065,205
54,1941
54,1932
54,1934
54,333
54,3933
54,3934
54,93
54,829
54,7
2903,2904
2903,2892
2903,2893
338,117
338,2007
338,97
338,2006
338,842
861,2088
861,2098
861,2097
861,2096
861,2095
861,2094
861,2090
861,4123
861,4124
2573,4237
2573,2574
3033,3026
3033,3818
57,256
57,570
57,596
57,257
57,367
57,3993
57,947
57,569
1516,764
1516,1530
1516,1515
1516,1512
30,1265
30,1283
30,41
30,3835
30,3836
408,663
408,3112
408,409
408,4155
408,3861
1591,1590
1591,768
1591,1592
1591,311
2239,2240
2239,2244
2239,170
2239,2230
3515,3527
3515,4074
3515,3875
3852,2484
3852,2489
3852,2491
3852,371
3852,370
3852,962
3852,16
3852,3854
2648,254
2648,3996
2648,256
2648,570
3097,3095
3097,553
311,81
311,1591
311,1592
311,478
311,1585
311,1587
311,1583
482,1939
482,1940
482,7
482,1704
482,1703
540,12
540,45
223,94
223,1973
223,336
223,42
223,497
2986,2994
2986,2987
2986,640
2986,2985
3360,3361
3360,3364
3360,3358
3812,3811
3812,1050
3812,2795
3812,4002
3812,4003
3812,4004
2427,941
2427,2430
2427,940
4146,615
4146,140
4146,2818
4146,4145
139,266
139,1023
139,262
139,2721
139,260
879,230
879,2180
879,121
879,4125
879,4126
899,352
899,14
899,234
899,79
1047,84
1047,397
1047,2845
1047,2850
1047,3984
3807,2561
3807,2962
3807,2963
3807,3808
1750,783
1750,1749
1941,1940
1941,1932
1941,54
1941,7
2100,99
2100,2357
2100,2099
2100,2085
474,260
474,386
474,1566
474,253
852,43
852,2065
852,32
852,1921
2585,2584
2585,586
3809,140
3809,101
3809,613
3809,3810
3809,25
3439,4045
3439,297
47,1019
47,606
47,178
47,179
47,612
47,1020
47,4143
47,4144
47,37
70,4106
70,4107
70,4108
70,776
70,212
70,312
14,33
14,3788
14,237
14,123
14,234
14,899
14,352
1935,829
3371,3341
4045,4049
4045,4046
4045,3439
1774,1773
1774,4117
1774,1775
1774,3930
1905,31
1905,505
1905,4
1905,783
1925,1924
1925,330
1925,1926
2246,2245
2246,548
2246,2219
1907,4
1907,1913
1907,1908
1907,1904
3374,432
3374,3376
3374,27
3436,147
3436,1203
4051,87
4051,4052
1549,294
1549,1548
1549,1550
1549,3353
3767,518
3767,1916
3767,3768
194,195
194,4068
194,4071
194,4072
194,4073
194,3518
2243,2242
2243,1
2243,2244
2243,2240
3422,146
3422,4059
3422,4060
87,296
87,3410
87,3868
87,692
87,1195
87,4053
87,4054
87,1190
87,3402
87,1187
87,689
87,1188
87,4051
87,4052
892,2241
892,2240
892,2230
1922,330
1922,2064
1922,43
1922,1931
710,3644
710,3884
710,3775
710,3827
710,4206
1883,1882
1883,816
1883,1884
1883,317
855,163
1821,1820
1821,1822
3551,195
3551,707
1959,320
3007,646
3007,3008
3007,3858
3007,3006
119,537
119,78
119,100
119,345
119,2127
119,534
517,2019
517,2047
517,4
3919,3918
3919,318
3919,3779
3919,3920
4038,4037
4038,413
4038,187
1811,798
1811,71
1710,1711
1710,1714
1710,1709
1710,1707
21,1493
21,1492
21,1491
21,1490
21,1489
21,1488
21,1487
21,3757
21,1458
21,471
21,90
21,465
110,150
110,210
110,1600
1817,1816
1817,1818
1817,1792
1817,1794
938,243
938,15
938,2419
2227,2228
2227,353
2227,2226
2227,12
26,621
26,4001
26,4002
26,4003
26,4004
26,392
26,60
26,101
26,3997
2224,2225
2224,2218
2224,12
4229,3778
4229,4230
4229,3779
3056,3735
3056,3055
3056,2625
3056,3057
3351,294
3351,3353
3351,431
3351,1177
164,2086
164,530
164,44
164,854
1594,1593
4114,23
4114,76
4114,1729
4114,1732
4114,4113
4189,3876
4189,4190
4189,4188
42,497
42,223
42,3772
42,336
42,74
42,116
42,51
42,156
42,92
1573,22
1573,1574
1573,1572
1573,1570
3820,3819
3820,1145
3820,670
3820,669
3820,279
3820,3186
3820,1140
2309,2308
2309,2313
2309,3973
2309,34
2893,2902
2893,2903
2893,2894
3372,3373
3372,27
3372,3340
3988,3987
3988,177
3988,3986
3988,13
384,253
384,595
384,2649
384,254
384,3792
4179,3499
4179,4180
3336,3343
3336,3340
3336,27
3336,1174
4144,47
4144,4143
3870,147
3870,3868
3870,294
3870,3869
170,2230
170,2239
170,2244
170,1
170,2231
170,895
170,3957
546,558
546,2206
546,545
546,2211
3424,146
1841,320
1841,1958
1841,1842
3364,3361
3364,689
3364,3360
251,3659
251,84
251,2586
251,3983
251,4026
251,4027
251,4028
564,19
564,241
564,2393
564,128
1140,3186
1140,3820
1140,669
1140,3167
1195,691
1195,193
1195,3413
1195,692
1195,3410
1195,87
72,1849
72,1812
72,3804
72,488
72,112
3412,692
3412,146
3412,4053
2257,2256
2257,33
2257,169
2257,2351
2902,2893
2902,2895
281,3793
281,3794
281,86
281,285
281,1145
281,144
281,1158
281,49
281,280
757,1495
757,3699
757,3700
1325,454
1325,305
1325,198
1325,304
4160,3133
4160,4037
4160,187
4160,4162
4223,3776
4223,4224
4223,3815
4034,4033
4034,11
4034,3136
4034,9
89,704
89,3512
89,1226
89,3511
89,705
89,4077
89,148
89,703
2255,2254
2255,33
2255,2256
2255,2349
3408,1193
78,882
78,542
78,2173
78,2183
78,168
78,100
78,3805
78,119
78,537
854,164
854,44
148,704
148,89
148,3510
148,703
148,105
4005,269
4005,18
4005,4006
4005,394
629,1073
629,3775
629,4154
629,2935
629,1069
629,271
629,183
629,4019
658,3743
658,3745
658,176
658,974
658,382
658,143
658,1253
1131,186
1131,187
1131,1132
1131,3119
1131,410
1596,478
1596,150
1596,1595
1596,1597
4117,498
4117,1954
4117,1955
4117,1953
4117,4118
4117,1772
4117,1773
4117,1774
3781,2938
3781,4028
3781,3782
5,2371
5,2374
5,2372
5,2375
5,81
5,129
5,560
5,172
5,561
5,2368
5,364
5,3975
5,3976
177,592
177,978
177,36
177,2609
177,3989
177,3986
177,3987
177,3988
4046,4045
4046,4050
4046,4047
4046,297
4115,322
4115,95
4115,4116
4025,36
4025,714
4025,4026
4025,4139
4025,4140
180,3798
180,3998
180,179
180,1019
180,606
180,610
505,828
505,4
505,31
505,1905
1968,96
1968,335
1968,509
1968,95
3920,3919
3920,318
3920,3923
2704,1561
2704,257
1775,1774
1775,4118
1775,1776
1775,3931
1816,1815
1816,1826
1816,1817
1816,1795
870,77
870,3947
870,3948
870,344
870,2129
870,2130
870,2131
73,846
73,504
73,3768
73,2021
73,843
73,118
73,55
73,115
1933,1938
1933,333
1933,1934
1933,831
2801,4008
2801,621
3453,4066
3453,3470
3453,3452
3453,1530
909,553
909,556
909,2322
909,237
909,3788
1668,1667
1668,479
1668,1659
2143,539
2143,230
2143,344
2143,3948
1712,98
1712,23
1712,1711
1712,483
2578,2582
2578,378
2578,35
1327,199
1327,200
1327,65
1500,1499
1500,759
3835,30
3835,3836
3835,2
3876,3877
3876,4189
3876,4190
3876,3875
257,596
257,17
257,2705
257,2704
257,1561
257,2653
257,259
257,57
257,3993
257,3994
1823,1824
1823,113
1823,1822
1823,1820
1912,1913
1912,115
1912,1908
2320,2321
2320,910
2320,556
475,69
475,22
924,560
924,3846
924,2365
924,4134
3385,295
3385,3386
3970,3969
3970,3847
3970,3849
3970,3971
3970,124
3970,3787
4079,4078
4079,1219
4079,4080
58,3796
58,13
58,659
58,983
1931,1930
1931,1922
1931,43
843,2021
843,2035
843,2026
843,366
843,569
843,2036
843,2425
843,73
1020,612
1020,47
1895,115
1895,216
2126,77
2126,2125
2126,2119
2126,2110
536,534
536,2127
536,345
536,77
536,165
1794,1795
1794,1817
1794,1793
1794,796
3739,176
3739,3063
279,670
279,3820
279,672
279,3230
279,669
1706,483
1706,1707
1706,1705
1611,162
3747,1253
3747,143
3747,3991
2240,2241
2240,2243
2240,2239
2240,892
3698,3696
3698,1244
3698,3699
3698,1495
3866,3865
3866,3789
3866,3790
3866,3228
3866,4041
3866,4170
3866,4171
3866,4172
2782,616
2782,390
4087,303
4087,984
4087,4088
1597,478
1597,1596
1597,1593
2183,168
2183,78
40,771
40,730
40,3801
40,1316
40,305
40,454
40,508
332,43
332,93
417,420
417,676
417,3799
417,190
417,3789
595,253
595,386
595,260
595,2649
595,2662
595,3995
595,384
2954,1076
2954,2564
2954,633
2954,3808
4154,4153
4154,3775
4154,3815
4,505
4,517
4,1905
4,518
4,162
4,847
4,1742
4,1741
4,1898
4,1904
4,1907
4,1913
4,1915
4,1916
4,1738
4,1739
4,485
4,783
3897,3896
3897,4089
3897,3898
3897,199
3982,3981
3982,2419
3982,131
4156,4155
4156,3111
4156,3862
4083,4084
4083,107
456,3898
456,4090
456,201
456,457
456,200
2762,390
2762,179
610,3798
610,180
610,606
610,2740
610,1014
1728,1729
1728,1732
1728,1734
1728,1727
2219,56
2219,2246
2219,2220
4226,4228
4226,3818
7,312
7,481
7,1698
7,1699
7,1702
7,1703
7,482
7,1941
7,54
7,93
7,1621
7,1622
7,1623
7,1624
7,1625
7,1626
7,1627
7,1628
7,1629
3211,3212
3211,3210
567,2440
567,568
567,133
567,15
567,243
846,118
846,73
846,3768
4047,4046
4047,145
4047,4048
4047,297
4047,3794
322,113
322,95
322,4115
322,1854
322,1853
2078,4124
2078,2090
2078,2077
2078,2075
3414,146
3414,1196
4073,4072
4073,4074
4073,194
242,2398
242,129
1899,1898
1899,1903
1899,115
2102,165
2102,533
3304,290
3304,1166
770,150
1916,4
1916,518
1916,3767
1916,1915
1926,1925
1926,330
1926,1927
2026,118
2026,843
138,2684
138,601
138,178
138,37
138,1007
138,259
592,2608
592,2615
592,978
592,177
592,2606
592,3987
2358,2357
2358,3975
2358,2359
2358,2099
3508,105
3508,3499
1827,489
1827,51
1827,1826
1827,1815
1940,1939
1940,831
1940,1941
1940,482
1585,311
1585,1587
1585,1586
1585,1582
2826,394
2826,267
2826,1037
3322,426
3322,1174
3322,27
3322,289
232,558
232,921
232,2346
232,124
232,2277
232,2253
232,33
232,2348
232,545
336,1973
336,55
336,74
336,223
336,42
1956,834
1956,1957
1956,4118
3438,1204
3438,697
3792,3791
3792,384
3792,254
3792,570
1023,266
1023,614
1023,139
1592,1591
1592,1598
1592,478
1592,311
4138,4137
4138,980
4138,591
4138,176
2833,2843
2833,2841
2833,394
3861,663
3861,408
3861,4155
3861,3862
3861,3847
1158,281
1158,86
1158,420
1158,144
2572,2575
2572,248
3513,3875
3933,3934
3933,54
1489,1490
1489,369
1489,1488
1489,21
2896,2895
2896,397
2896,84
3918,3917
3918,3779
3918,3919
863,99
863,163
1833,491
1833,157
2431,2430
2431,244
2431,2432
2431,940
151,152
151,820
151,499
151,216
1166,290
1166,3304
1166,3822
4216,4215
4216,3770
4216,1037
2084,2085
2084,2088
2084,4123
2084,2069
842,2006
842,338
842,1997
842,55
3838,41
3838,1396
3838,2
3838,3837
3839,67
3839,3840
3839,1418
3839,3841
3839,1396
2956,2957
2956,633
2956,248
2956,2559
3976,3975
3976,5
3976,560
3976,2359
3976,4133
2606,2607
2606,592
2606,3987
2606,591
2993,2991
2993,184
2993,2987
2993,2994
4178,3487
4178,4177
4231,344
4231,52
3701,3702
3701,29
3701,3700
144,281
144,1158
144,420
144,3277
144,3865
144,4169
144,1145
1396,67
1396,1418
1396,3839
1396,2
1396,41
1396,3838
1419,1418
1419,3841
1419,6
1419,2
2247,1
2247,56
34,123
34,238
34,2308
34,912
34,2309
34,3795
34,3973
34,3974
34,234
34,4131
34,4132
305,40
305,3801
305,3802
305,198
305,1325
305,454
1798,156
1798,489
1798,1797
1798,217
2244,2243
2244,1
2244,170
2244,2239
1435,1423
1435,4097
1435,4094
1435,1422
44,854
44,164
44,98
44,483
44,527
312,70
312,481
312,1621
312,7
312,775
317,3786
317,1883
317,1884
317,1770
317,1882
317,1769
317,152
3094,3862
3094,3095
3094,3850
3786,3785
3786,1882
3786,317
3786,157
3841,3839
3841,3840
3841,3842
3841,6
3841,1419
3841,1418
4152,277
4152,3860
4152,4151
97,117
97,338
97,929
97,75
97,337
97,2005
97,2007
162,2050
162,2049
162,847
162,4
4166,4165
4166,3167
4166,187
1719,23
1719,4113
1719,1720
1719,1718
2904,2905
2904,2903
2924,630
2924,1067
161,1985
161,75
161,514
161,3937
161,4121
161,74
541,120
541,2152
1622,1621
1622,7
1622,1623
1622,1616
2884,2891
2884,2889
2884,4011
2884,2878
3199,3197
3199,4037
4133,2359
4133,560
4133,3976
4133,4134
4133,2097
4133,2096
4133,2095
39,3429
39,693
39,4057
39,4058
39,296
39,691
39,193
39,191
2230,892
2230,2239
2230,170
2235,2232
2235,2236
2235,353
2235,2228
133,367
133,255
133,3994
133,15
133,568
133,567
392,26
392,619
392,2793
392,1030
392,2792
392,60
1542,3793
1542,1208
1840,1842
1840,1845
1162,63
1162,207
1312,1310
1312,1301
1312,452
3451,3470
3451,3471
3451,231
3451,3452
3798,3855
3798,3856
3798,3997
3798,180
3798,610
3798,3797
3955,3953
3955,352
3955,3956
3955,3805
719,301
719,108
2019,2018
2019,2047
2019,517
4067,195
4067,4068
4157,9
4157,3125
4157,3124
4157,4158
4157,3864
471,21
471,3757
471,303
471,1474
471,3901
471,1458
1717,1718
1717,1720
1717,1716
1717,1714
3892,3891
3892,307
3892,3895
3892,3802
3696,196
3696,1244
3696,1495
3696,3698
2761,179
2761,612
3449,9
3449,46
4142,37
4142,4141
32,852
32,851
32,2051
32,342
32,3939
32,3940
715,3679
715,3695
715,4210
715,714
715,36
3644,710
3644,3884
1776,1775
1776,4118
1776,1777
1776,3931
2321,2322
2321,2320
2321,556
3136,4034
3136,4163
3136,3133
3136,9
4012,4011
4012,142
4012,4013
4012,18
2867,396
2867,1050
3552,3875
3552,4074
514,74
514,161
514,3937
514,1979
514,1982
514,116
980,3737
980,3059
980,2628
980,2600
980,591
980,4137
980,4138
3743,3063
3743,176
3743,658
3743,3745
238,361
238,910
238,278
238,2317
238,34
238,3795
238,123
923,121
923,125
3972,3971
3972,3850
3972,553
3972,3787
3972,3788
3695,449
3695,715
3695,3679
241,564
241,19
241,2964
241,636
241,128
2974,19
2974,3857
4032,4031
4032,11
4032,4033
4032,9
150,110
150,770
150,1596
150,1595
150,1601
150,1602
150,1603
150,478
292,698
292,3347
292,697
292,431
292,3369
292,684
292,145
292,4049
292,4050
805,495
805,112
805,158
805,3803
805,3804
3373,103
3373,27
3373,3372
3388,295
3388,103
3388,3381
377,2948
377,632
377,2577
377,35
377,968
616,60
616,2786
616,2782
616,2781
616,390
1201,1200
1201,690
1201,3432
1854,1853
1854,322
3854,2477
3854,3852
3854,16
3854,3853
3884,3644
3884,710
3884,4206
3884,3883
103,3378
103,3388
103,295
103,1184
103,432
103,3381
103,3373
103,27
534,119
534,2127
534,536
534,165
1680,234
1680,480
1680,4110
1680,1652
4153,3830
4153,3775
4153,4154
4153,1228
619,2795
619,4004
619,2793
619,392
789,318
789,92
789,1814
789,1783
789,1782
789,217
789,3923
789,3924
789,3925
789,3926
3779,1813
3779,4229
3779,4230
3779,318
3779,3918
3779,3919
3819,1145
3819,3820
369,3783
369,246
369,2477
369,3853
369,1492
369,1491
369,1490
369,1489
369,1488
128,2393
128,2397
128,2394
128,564
128,241
128,2398
1416,1404
1416,1422
1416,4093
1416,1403
3433,690
3433,147
4236,1843
4236,3929
94,4119
94,4120
94,223
94,1973
94,3778
1547,3358
1547,3365
1547,1548
1547,294
2721,139
2721,260
304,1286
304,454
304,1325
304,198
304,65
304,52
1701,1704
1701,1702
1701,1700
1532,472
1532,1227
1593,478
1593,1597
1593,1594
1593,1587
49,280
49,700
49,1145
49,281
49,1142
49,4039
49,4173
49,4174
49,11
3732,3730
3732,36
3732,3733
3935,3936
3935,52
2349,2348
2349,2255
2349,2350
2349,888
2367,2368
2367,2370
2367,560
2561,584
2561,2959
2561,3807
3997,101
3997,26
3997,60
3997,3998
3997,3798
3997,3856
3903,204
3903,3904
269,397
269,2878
269,18
269,394
269,4005
269,2851
269,2842
269,2841
1491,1492
1491,369
1491,1490
1491,21
186,4158
186,4161
186,187
186,3119
186,1131
186,48
186,1130
4176,4175
4176,694
4176,3428
2317,361
2317,660
2317,278
2317,238
2983,2984
2983,640
2983,62
2983,19
3824,3823
3824,27
3824,3799
3824,86
3824,420
255,2653
255,3994
255,259
255,15
255,991
255,2654
255,133
888,545
888,2253
888,2349
888,169
3828,3827
3828,3775
3828,3831
4208,3883
4208,4206
4208,4207
2957,633
2957,2956
2957,3808
3212,3211
3796,143
3796,974
3796,382
3796,13
3796,58
3796,3795
3268,672
3268,3790
3981,3980
3981,243
3981,3982
3981,131
1921,43
1921,852
3209,4040
3209,3208
3209,3197
693,694
693,39
693,3429
978,36
978,177
978,2616
978,2615
978,2624
978,3055
978,592
3943,2069
3943,99
3943,2068
3943,3944
201,1392
201,1383
201,4092
201,90
201,1404
201,457
201,456
201,4089
201,4090
450,108
450,3722
756,2313
756,3783
756,1494
756,3973
756,3974
929,117
929,565
929,131
929,75
929,97
1849,71
1849,3803
1849,72
1928,1927
1928,330
1928,1929
2735,473
2735,263
2735,3855
4084,4083
4084,107
4084,3719
1826,1827
1826,51
1826,1818
1826,1816
3917,1813
3917,111
3917,3918
67,457
67,4093
67,4094
67,68
67,1447
67,1396
67,3839
67,41
4158,4157
4158,3126
4158,4161
4158,186
4158,48
294,3869
294,3870
294,3358
294,3351
294,3353
294,431
1582,1585
1582,1581
4136,24
4136,173
4136,4135
3901,471
3901,3902
3901,1474
3901,4096
690,1200
690,3432
690,1201
690,191
690,147
690,3433
485,783
485,4
485,1738
2101,125
2101,530
3776,3775
3776,4223
3776,3815
1570,22
1570,1573
1570,1571
1570,1568
1815,489
1815,1827
1815,1816
1815,1796
4209,3684
4209,449
4209,4210
4209,36
273,38
273,19
273,1077
2302,556
2302,910
2302,123
2302,237
28,3495
28,3460
28,1214
28,3492
28,205
28,701
28,4063
28,309
28,204
28,3905
28,3906
4190,3876
4190,4193
4190,4189
984,303
984,16
984,134
984,4087
984,4088
1568,22
1568,1570
1568,1567
3953,168
3953,2192
3953,352
3953,3955
3953,3805
4124,4123
4124,861
4124,2078
4124,2074
4124,2073
452,65
452,1312
452,1283
452,109
452,1285
1958,834
1958,1841
4081,4082
4081,3668
