571,1537
571,572
571,1336
571,130
571,3553
1829,1830
1829,3507
1829,1828
1829,410
2556,2555
2556,906
2556,127
2556,35
3723,312
3723,3724
3723,2174
3723,2161
4939,4882
4939,4700
4939,4941
1891,50
1891,1894
1891,3711
1891,1888
3398,3399
3398,214
3398,3397
3398,182
3821,4700
3821,3191
3821,3820
34,28
34,4192
34,2546
34,1746
34,3627
34,3629
34,3630
34,4200
34,4201
2490,2491
2490,2493
2490,2489
2490,449
3697,1
3697,3698
3697,38
3697,1606
3797,3328
3797,156
3797,3798
3797,100
125,359
125,839
125,3345
125,3818
125,3381
125,276
125,834
125,213
125,73
1230,1229
1230,380
1823,1824
1823,3508
1823,1822
1823,148
1804,175
1804,1809
1804,1805
1804,1803
1972,413
1972,2003
1972,1971
1972,109
3452,3443
3883,3849
3883,4031
3883,4150
3035,3042
3035,3041
3035,3036
3035,347
3151,154
3151,98
3403,3404
3403,214
3403,3402
3403,182
1997,1998
1997,2015
1997,1996
1997,413
3517,3731
3517,3732
3517,3518
3517,438
3517,2317
3517,2325
440,3690
440,3692
440,2413
440,93
440,30
1490,279
1490,3691
1490,30
1490,1486
1727,620
1727,1729
1727,239
1727,2139
3807,3816
3807,3817
3807,3814
3807,359
3807,3815
3807,3369
2147,2146
2147,3560
2147,241
2147,1791
2633,2631
2633,2707
2633,2701
2633,2610
3385,276
3385,3381
3910,3914
3910,3913
3910,3911
3910,3908
80,3675
80,3676
80,3679
80,3680
80,3681
80,2367
80,142
80,297
80,586
80,1476
80,1482
80,1481
80,1494
80,1495
80,1500
80,1499
80,29
2039,2040
2039,2045
2039,63
2039,2028
2795,3742
2795,2798
2795,2794
2795,2787
2833,2827
2833,2837
2833,2832
2833,2828
3972,3828
3972,3992
3972,3973
3972,3968
4149,4150
4149,3970
4149,3994
4149,3995
4149,4008
4149,4056
4149,3856
4149,3969
353,352
353,3044
353,354
353,3047
353,347
1562,1564
1562,602
1562,82
1562,383
1965,1964
1965,6
1965,1946
1965,175
3721,2174
3721,3722
3721,3719
3721,2163
3737,2497
3737,653
3737,3738
3750,3752
3750,3754
3750,3028
3750,119
3750,3749
311,184
311,2155
311,64
1477,1476
1477,1478
1477,586
1676,613
1676,1684
1676,236
1676,1675
1904,3503
1904,1905
1904,50
1904,1899
1979,329
1979,1980
1979,2114
2291,15
2291,692
2291,435
3182,807
3182,272
3182,3181
3182,3170
150,2650
150,2651
150,259
150,2649
150,2636
150,742
2052,2053
2052,2051
2052,415
2052,63
3929,3930
3929,3947
3929,3855
3929,3925
4058,3860
4058,3836
4158,4008
4158,4056
4158,4015
4158,3830
4158,3828
4158,4157
1934,1933
1934,180
1934,1935
1934,62
4927,4926
4927,4860
4927,4861
4927,4713
941,942
941,944
941,4175
941,4186
1528,105
2297,2296
2297,32
2297,2298
52,2263
52,2260
52,675
52,316
52,1637
52,65
52,315
52,1638
52,1634
52,1633
52,49
52,1628
190,441
190,2399
190,191
190,707
190,2365
190,2397
190,588
1235,1236
1235,1234
1235,965
1235,968
1596,1593
1596,300
2355,699
2355,700
2355,2354
2355,252
3603,3604
3603,137
385,130
385,574
385,78
385,1342
385,1337
919,921
919,1622
919,1621
3539,3538
3539,3540
3539,2552
3539,2553
595,1548
595,1316
595,1318
595,1317
1050,1051
1050,35
1050,544
1721,241
1721,108
2827,16
2827,2836
2827,2828
2827,2833
2827,766
3713,245
3713,3738
3713,3714
3713,246
3744,16
3744,3743
4065,4066
4065,4068
4065,4064
4065,4944
7,459
7,149
7,465
7,2624
7,1647
7,3505
7,3506
7,2625
7,3525
7,3526
7,3699
7,893
7,735
1731,1744
1731,1732
1731,1730
1731,619
3572,3571
3572,3573
3572,191
3572,2453
4932,4933
4932,4786
896,897
896,366
896,3613
1730,1731
1730,239
1730,1729
1730,620
3076,120
3076,3077
3076,3003
780,203
780,3523
780,3775
780,3776
1326,1327
1326,568
3194,3193
3194,3787
557,221
557,1239
557,1234
557,1236
614,1699
614,59
614,107
614,1688
614,613
1313,596
1313,597
1313,1286
1313,1285
2032,2033
2032,87
2032,2029
2032,6
3987,3829
3987,3878
3987,3986
3987,3982
4713,4861
4713,4927
4713,4864
4713,4862
4713,155
4713,4838
4945,4946
4945,4956
4945,4958
4945,4944
4945,4952
4945,4947
315,52
315,65
315,135
315,1635
315,1637
315,1636
898,3525
898,366
1054,1055
1054,35
1054,1053
3180,272
3180,3185
3180,3181
3503,3504
3503,1905
3503,1893
3503,1898
3503,1899
3503,1904
3503,1892
3503,1887
3503,3532
187,188
187,21
1053,1054
1053,35
1053,1052
1206,3649
1206,1210
1206,1205
4013,3830
4013,4017
4013,4010
4013,3828
1250,19
1250,1253
1250,1249
1250,1251
2059,2060
2059,183
2059,2058
2059,646
3171,3170
3171,3181
3171,3172
2064,182
2064,183
2064,2063
204,3107
204,3110
204,3109
204,3115
204,3585
204,3586
204,3102
204,783
204,3108
204,3103
204,3100
204,781
1663,5
1663,1671
1663,1664
1663,1660
1877,3531
1877,1878
1877,3804
1877,1876
2155,311
2155,184
2799,2798
2799,96
2799,195
2799,2794
3798,156
3798,508
3798,3797
3825,83
3825,3743
3825,3
3825,3744
481,2888
481,341
481,3520
481,343
481,268
481,2868
481,2881
3485,3484
3485,446
3485,445
3526,7
3526,2625
3526,2626
3526,366
3526,3525
3898,3841
2487,2488
2487,421
2487,328
2487,2485
4829,4828
4829,4830
4829,4698
4829,4712
3817,3810
3817,3818
3817,3807
3817,3814
1964,1963
1964,6
1964,1965
1964,305
1998,1999
1998,414
1998,1997
1998,2002
2367,2408
2367,3682
2367,2406
2367,142
2367,80
2874,2875
2874,3747
2874,482
2874,2873
2874,2878
2874,767
3627,34
3627,4201
3627,3629
3627,1059
3627,3631
3661,3514
3661,3515
3661,3662
3661,48
3661,3660
3742,3
3742,2797
3742,2787
3742,2795
3742,2774
3742,3741
834,276
834,4716
834,4752
834,4923
834,4701
834,125
834,213
1826,1827
1826,3507
1826,1825
1826,148
2404,2405
2404,2403
2404,2377
2404,142
1245,222
1245,1246
1245,1225
1245,1227
3041,354
3041,488
3041,3040
3041,3035
3400,3401
3400,214
3400,3399
3400,182
4955,4964
4955,4962
4955,4956
4955,4946
1585,1584
1585,172
1585,398
1585,1577
2439,445
2439,446
2439,2440
2439,2436
1667,235
1667,1672
1667,265
259,2651
259,2666
259,261
259,2648
259,2652
259,2664
259,150
2482,449
2482,2483
2482,2481
2482,22
2957,347
2957,3037
2957,3036
2957,485
3606,3605
3606,862
3606,3441
3606,89
1859,2126
1859,1860
1859,638
1859,655
2651,259
2651,150
3610,3609
3610,3474
3610,3469
3610,3473
3610,3501
4008,4149
4008,4056
4008,4158
4008,3995
4103,3832
4103,4104
224,578
224,132
224,79
224,1372
224,12
767,2859
767,2873
767,2874
767,3583
767,67
767,2846
767,2845
767,2847
1772,1773
1772,634
1772,108
1772,1771
786,489
786,69
786,3114
786,153
786,3113
2009,2010
2009,63
2009,3563
2009,1991
2879,2878
2879,769
2879,3583
3957,3828
3957,3968
3957,3958
3957,3871
2388,113
2388,711
2388,442
2388,2384
2549,2548
2549,3537
2549,2550
2549,35
3903,3920
3903,3853
3948,3842
3948,3954
3948,3949
3948,3928
4104,4103
4104,4165
4104,3831
4104,4164
819,3794
819,156
819,3301
1919,3504
1919,1920
1919,1918
1919,1916
2715,2714
2715,2734
2715,2716
2836,16
2836,2839
2836,2837
2836,2827
1355,1354
1355,131
1355,1356
1355,577
1780,456
1780,304
1780,1779
1780,2540
2349,3518
2349,2352
2349,2343
552,553
552,290
2445,2463
2445,2461
2445,2446
2445,257
2445,2443
4010,4013
4010,4020
4010,4017
4010,4009
4010,3828
4736,4849
4736,4705
4736,4696
742,150
2058,2059
2058,183
2058,2057
2058,646
3471,3479
3471,3472
3471,3609
3533,89
3533,3534
3533,126
3533,3414
3533,3718
3718,89
3718,3533
3718,3717
3722,2174
3722,3720
3722,3721
3916,3917
3916,3842
3916,3915
3916,3905
4944,4958
4944,4959
4944,4970
4944,4976
4944,4972
4944,4065
4944,4064
4944,3863
4944,4945
4944,4952
1340,592
1340,134
1340,573
1340,593
1541,395
1541,129
1762,1763
1762,108
1762,84
4085,3840
4085,3865
4085,4084
4085,4082
4962,4963
4962,4961
4962,4957
4962,4955
3170,3169
3170,3182
3170,3171
67,267
67,2845
67,767
67,2870
67,2861
67,3583
67,3584
67,477
67,96
1239,221
1239,557
1399,3659
1399,48
1399,132
1399,387
2555,2554
2555,3540
2555,2556
2555,35
2819,2818
2819,766
2819,2820
2819,2816
2968,3003
2968,3780
2968,2967
2968,2969
3167,71
3167,3168
3167,3166
3167,3164
3581,2729
3581,2745
3581,2746
3581,3582
3581,2717
3581,2718
3849,3862
3849,3835
3849,4039
3849,4040
3849,3883
3849,4031
3164,3163
3164,3167
3164,3165
3164,804
63,2028
63,2039
63,2045
63,2020
63,2053
63,2052
63,2037
63,415
63,6
63,2010
63,2009
63,3563
63,3564
627,84
1336,1536
1336,593
1336,572
1336,571
2093,2111
2093,2109
2093,88
2093,10
2611,2612
2611,2631
2611,2610
2611,2598
2679,2680
2679,41
2679,746
2679,2676
3113,153
3113,786
3113,3109
3113,3111
488,354
488,3038
488,3041
488,3040
874,3687
874,171
874,3492
1345,134
1345,1346
1345,575
1345,573
3028,3027
3028,3522
3028,119
3028,3750
3561,331
3561,3562
3561,3701
4924,4705
4924,4778
4924,4824
4924,4925
4924,4696
105,1528
105,387
105,3513
105,578
105,1370
105,589
105,231
2065,137
2065,2066
2065,415
2065,2051
4921,4920
4921,4751
365,159
365,889
365,884
365,885
469,2720
469,3582
469,759
469,2721
469,2728
469,467
469,2705
2136,2135
2136,619
2136,2137
2136,3831
3514,1523
3514,3515
3514,3659
3514,3660
3514,3661
3514,3513
3913,3842
3913,3949
3913,3854
3913,3910
111,51
111,3565
111,3566
111,59
111,616
331,60
331,258
331,3561
331,3562
2325,3517
2325,3518
2325,2345
2325,2344
2325,2343
2325,141
2325,2324
2325,438
3502,3501
3502,871
3502,22
3502,2431
3502,707
3502,711
1208,554
1208,9
1208,1203
1577,1583
1577,1585
1577,398
1577,299
1806,1809
1806,1807
1806,1805
2034,2035
2034,87
2034,2033
2034,6
2824,766
2824,2829
2824,96
2824,2820
805,4708
805,71
805,3160
805,3159
805,3158
870,277
870,89
870,3455
870,2106
870,88
1246,222
1246,1245
2108,3457
2108,2106
2108,88
2108,2109
1308,1309
1308,1307
1308,1292
9,1203
9,1208
9,554
9,555
9,167
9,1201
9,1204
9,3649
9,3650
9,553
9,290
9,3835
9,4051
2002,2001
2002,1998
2002,413
2002,641
2156,14
2156,184
3899,3853
3899,3841
4145,3867
4145,4144
4145,4141
4864,4867
4864,4879
4864,4741
4864,4863
4864,4713
4947,4946
4947,4945
1275,3550
1275,3552
1275,1274
1275,1271
1614,31
1614,37
1614,3695
3358,3351
3358,4697
3762,3761
3762,3003
3762,3765
3762,2923
4926,4839
4926,4858
4926,4859
4926,4927
4926,4733
4936,4786
4936,4937
4936,4708
4936,4782
3193,3192
3193,3197
3193,3194
4884,4710
4884,4699
447,3483
447,3482
447,2461
447,2467
447,2466
447,2463
646,20
646,2060
646,2059
646,2058
646,2057
646,2043
646,244
646,2042
2263,675
2263,52
2663,2664
2663,2667
2663,333
2663,2653
2840,16
2840,2849
2840,2841
2840,2839
3941,3856
3941,3969
3941,3939
3941,3938
1318,595
1318,1317
1318,1280
3501,191
3501,3574
3501,3609
3501,3610
3501,3502
3501,707
3967,3968
3967,3973
3967,3966
3967,3958
3551,1293
3551,1306
3551,3653
3551,3552
3551,3550
3555,1620
3555,32
3555,3556
3555,923
3841,3899
3841,3853
3841,3904
3841,3905
3841,3906
3841,3900
3841,3898
53,3727
53,3728
53,40
53,320
53,2307
53,2271
53,1
316,65
316,52
1205,1204
1205,1206
1205,4162
3036,3035
3036,3040
3036,3037
3036,2957
3867,4139
3867,148
3867,4144
3867,4143
3867,4145
3867,4141
3867,4155
3867,4156
4877,4876
4877,4702
4877,4878
4877,4738
1626,401
1626,1
1626,1625
1807,1808
1807,6
1807,1806
4098,4163
4098,3865
554,555
554,9
554,1208
1945,1946
1945,6
1945,1944
1945,175
2057,2058
2057,183
2057,2056
2057,646
3513,1526
3513,3514
3513,387
3513,105
1743,1732
1743,1744
3345,275
3345,359
3345,125
3345,73
3812,3381
3812,3810
383,1304
383,1551
383,82
383,1562
383,1301
383,3653
383,3654
635,1792
635,2145
635,2146
635,1791
635,1789
635,633
1647,3505
1647,7
1647,2624
1868,3529
1868,1871
1868,638
1868,1867
2572,3575
2572,3576
2572,2564
2572,194
3079,3078
3079,120
3079,3080
3079,3003
3579,2732
3579,2730
3579,2717
3579,3580
3579,118
4751,4921
4751,4922
410,1815
410,3740
410,1829
410,1828
410,148
586,80
586,1476
586,1477
586,297
1759,626
1759,1765
1759,1760
1759,625
2761,2762
2761,2765
2761,2760
2761,336
3578,3577
3578,892
3578,2618
3578,26
3725,3726
3725,4
3725,65
480,2898
480,197
480,342
480,2843
480,3746
2345,2344
2345,141
2345,2325
3960,3959
3960,3965
3960,3961
3960,3955
68,200
68,2875
68,2859
68,3747
68,3748
68,16
68,2849
172,1593
172,1597
172,1602
172,1
172,58
172,1585
172,398
172,1584
4919,4697
4919,3793
4919,4911
961,216
961,1232
961,1203
961,958
3316,4749
3316,4697
3316,4908
3316,4714
3571,3572
3571,2468
3571,2455
3571,448
3952,3954
3952,3961
3952,3951
3952,3949
603,1578
603,299
603,1558
603,1567
603,1560
1671,5
1671,1670
1671,1665
1671,1663
1875,3530
1875,1876
1875,61
1875,1874
3333,100
3333,3341
3333,3332
3333,3326
3885,3827
3885,3851
3885,4074
3885,4067
3885,4068
3949,3948
3949,3952
244,20
244,646
244,2024
244,2025
244,2042
244,414
244,2016
1584,300
1584,172
1584,1585
1584,1583
2138,2137
2138,620
2138,2139
2138,304
3650,9
3650,3651
3650,3652
3650,3649
3955,3956
3955,3960
3955,3954
3955,3842
4922,4751
4922,4716
4922,4923
2631,2630
2631,335
2631,2633
2631,2612
2631,2611
3507,94
3507,3508
3507,1830
3507,1829
3507,1828
3507,1827
3507,1826
3804,1876
3804,1877
3804,1878
3804,3805
3804,61
3933,3934
3933,4152
3933,3932
3933,3847
893,7
909,910
909,66
2016,414
2016,244
2016,2017
2016,2015
2804,2805
2804,2807
2804,96
2804,2798
4750,4715
4750,4697
4750,4911
4750,502
4750,818
766,16
766,2827
766,2828
766,2824
766,2818
766,2819
1732,1743
1732,1742
1732,239
1732,1731
1830,94
1830,3507
1830,1829
1830,1815
3576,3575
3576,735
3576,2572
485,347
485,2957
485,3510
2697,2698
2697,2703
2697,262
2697,2696
2717,2730
2717,3581
2717,2718
2717,3579
1223,556
1223,167
1599,58
1599,1
1599,1589
1599,1591
241,1791
241,2147
241,3560
241,13
241,108
241,1721
241,1790
241,634
1342,385
1342,78
1625,1626
1625,1
700,113
700,2387
700,2384
700,92
700,699
700,2355
3832,4132
3832,4133
3832,4127
3832,4165
3832,4166
3832,3866
3832,4093
3832,4103
868,3449
868,25
868,24
1825,1826
1825,3508
1825,1824
1825,148
3130,356
3130,3587
3381,3812
3381,3810
3381,3385
3381,276
3381,125
3476,3475
3476,3469
3920,3921
3920,3925
3920,3919
3920,3903
352,3522
352,3047
352,353
352,3050
352,3049
352,3032
2384,113
2384,442
2384,2388
2384,2387
2384,700
1531,590
1531,12
3530,3531
3530,1875
3530,1874
3530,1872
3530,1873
3530,3529
3665,3515
3665,3666
3665,48
3665,3662
3760,3759
3760,3003
3760,3761
3760,2923
298,129
298,568
298,1325
298,1324
298,77
1534,1532
1534,134
1787,304
1787,1793
1787,1788
1787,1777
4179,4187
4179,4174
4179,4181
4179,4167
87,2072
87,307
87,2047
87,3396
87,138
87,2048
87,648
87,2034
87,2033
87,2032
87,2029
87,2030
395,1540
395,3553
395,129
395,1541
613,238
613,1699
613,1705
613,1688
613,614
613,1686
613,1703
613,1684
613,1676
613,5
759,3
759,2748
759,2768
759,3741
759,2759
759,2751
759,469
1940,1939
1940,180
1940,109
221,1240
221,560
221,558
221,3548
221,1239
221,557
240,1739
240,303
240,13
2433,2435
2433,2441
2433,444
2433,93
2694,118
2694,2700
2694,748
2694,2693
3267,3268
3516,3498
3516,3684
3516,3666
3516,3667
3516,3668
3516,3515
4780,4712
4780,4822
82,1562
82,399
82,602
82,400
82,1580
82,1581
82,1300
82,396
82,1566
82,1578
82,1301
82,383
193,457
193,626
193,1756
193,1752
193,1750
193,625
193,28
2798,2797
2798,2804
2798,2799
2798,2795
3685,1494
3685,1481
3685,3686
3685,1478
2479,2484
2479,328
2479,2478
2479,2480
4155,4138
4155,3867
4155,4139
4155,4156
4155,4127
263,2741
263,472
263,3
263,2731
263,2742
263,2735
263,2734
263,2733
2468,448
2468,3571
2468,2455
2468,2457
3117,3118
3117,490
3117,3116
3117,3585
4741,4878
4741,4702
4741,4883
4741,4879
4741,4864
275,101
275,3370
275,3596
275,3369
275,359
275,73
275,3345
924,77
1699,1703
1699,59
1699,614
1699,613
1779,1780
1779,304
1779,1778
1779,725
3776,3775
3776,780
3776,3779
3776,3003
3583,2873
3583,2879
3583,769
3583,3584
3583,67
3583,767
4730,4831
4730,4833
4730,4834
4730,4720
4730,4817
4730,4815
729,194
729,45
912,913
912,66
912,911
2431,707
2431,3502
2431,711
2431,113
3694,3693
3694,38
3694,1613
582,79
582,29
582,296
4182,4150
4182,4181
4753,4703
4753,205
4753,3150
4843,4832
4843,4706
4843,4834
4843,4833
1324,298
1324,1543
1324,77
2928,2923
2928,200
293,1322
293,1544
293,1280
293,55
2085,10
2085,2086
2085,2084
2085,2113
3573,3572
3573,3574
3573,191
307,2075
307,3604
307,848
307,87
307,2070
307,2071
307,2072
307,2067
307,2068
307,2069
1602,1603
1602,172
1602,1597
3116,3117
3116,3119
3116,3586
3172,3171
3172,3173
3172,3156
4082,3840
4082,4085
4082,3864
4082,4076
606,1639
606,135
606,315
1499,80
1499,1507
1499,1498
1499,1500
2630,332
2630,335
2630,2631
2630,2613
2870,3584
2870,2869
2870,2861
2870,67
4797,4708
4797,71
2626,2625
2626,405
2626,2627
2626,3526
3915,3916
3915,3842
3915,3906
4857,4856
4857,4869
4857,4858
4857,4839
3518,2354
3518,3733
3518,3734
3518,92
3518,2343
3518,2349
3518,2352
3518,2353
3518,2325
3518,3517
100,3797
100,508
100,832
100,507
100,3333
100,3341
100,3326
100,3325
100,3324
100,3323
100,3322
100,3321
343,481
343,3520
343,3509
343,3510
343,2898
343,342
343,268
343,197
1652,1653
1652,751
1652,1642
1705,238
1705,59
1705,1703
1705,613
2483,449
2483,2489
2483,2484
2483,2482
2748,2747
2748,3
2748,759
2748,3582
3050,3522
3050,352
3050,3049
3050,119
596,597
596,1313
596,1315
596,1314
2548,2547
2548,3537
2548,2549
2548,35
3805,1879
3805,1880
3805,1882
3805,1883
3805,1886
3805,50
3805,3804
625,193
625,626
625,1759
625,1752
2271,53
2271,1
2271,401
2465,446
2465,2466
2465,2443
2465,2441
1545,1280
1545,1544
1932,144
1932,180
1932,1933
1932,1930
3538,3537
3538,3539
3538,2550
3538,2551
1,1603
1,1604
1,1625
1,401
1,2271
1,1626
1,53
1,320
1,1600
1,1605
1,1606
1,3697
1,3698
1,58
1,1599
1,172
588,142
588,190
588,1509
588,1507
2710,2739
2710,2711
2710,751
442,2388
442,711
442,22
442,92
442,2387
442,2384
4869,4870
4869,4699
4869,4738
4869,4857
3752,3751
3752,3754
3752,3750
3752,2923
4200,4192
4200,34
4200,4201
4710,4891
4710,4743
4710,4899
4710,817
4710,4699
4710,4884
117,449
117,2491
117,2492
117,22
117,871
2682,2683
2682,262
2682,2681
2682,2673
3607,3446
3607,3608
3607,42
4026,4150
4026,4030
4026,3830
4026,4025
2228,2227
2228,678
2228,2225
2681,2682
2681,41
2681,2680
2681,2674
3698,1
3698,320
3698,38
3698,3697
678,2228
678,676
1570,1569
1570,398
1570,397
1570,1557
1590,1591
1590,1589
1590,1588
1710,83
235,5
235,1675
235,236
235,1667
235,1672
235,1674
235,1670
235,1669
235,1668
1776,1777
1776,1788
1776,1775
1776,726
4168,284
4168,4186
4168,4167
4168,4172
97,477
97,96
97,197
97,3745
97,151
968,967
968,1235
968,966
968,969
1057,1058
1057,35
1057,1056
1057,543
1241,1251
1241,1249
1241,1242
1241,558
1476,80
1476,1482
1476,1477
1476,586
2745,2744
2745,3
2745,2746
2745,3581
3707,3706
3707,638
3707,3708
3707,60
171,874
171,3492
171,1486
171,3688
171,30
171,3668
171,3684
1912,3504
1912,1913
1912,86
1912,1905
2348,141
2348,2337
3552,3551
3552,3653
3552,1272
3552,1275
3552,1274
3959,3958
3959,3966
3959,3960
3959,3956
4059,3829
4059,3860
4137,4156
4137,4141
4137,3894
4137,4132
4726,4822
4726,4698
4976,4975
4976,4972
4976,4944
4976,4970
952,951
952,552
952,161
952,944
1354,386
1354,131
1354,1355
1354,1352
2015,414
2015,2016
2015,2014
2015,1997
4712,4827
4712,4846
4712,4722
4712,4828
4712,4829
4712,4780
4712,4822
4712,4823
4712,4731
223,55
223,1280
223,1266
223,563
1946,1965
1946,6
1946,1945
1946,175
2828,2827
2828,2833
2828,2829
2828,766
3820,3821
3820,3819
3906,3905
3906,3915
3906,3907
3906,3841
94,3701
94,3702
94,1830
94,3507
94,192
94,1815
735,459
735,7
735,3575
735,3576
1310,599
1310,1309
1310,1292
1310,1290
1339,593
1339,573
1339,1338
1339,572
1639,403
1639,606
1916,3504
1916,1919
1916,86
1916,1915
3632,3629
3632,3630
3632,1065
3632,3631
4162,1201
4162,3835
4162,1205
4162,4161
142,2406
142,2367
142,2404
142,2377
142,441
142,588
142,1507
142,80
642,306
642,20
642,2000
1722,13
1722,1724
188,91
188,187
1766,628
1766,108
1766,1765
1766,626
1793,304
1793,2143
1793,1792
1793,1787
2111,2110
2111,3458
2111,2093
2111,10
3163,3162
3163,71
3163,3164
3163,804
297,80
297,586
297,29
297,1455
359,3369
359,3807
359,839
359,3814
359,125
359,275
359,3345
3454,857
3454,277
4144,3867
4144,4143
4144,4145
70,3175
70,3154
70,3177
70,3587
70,3588
342,343
342,2915
342,3510
342,2898
342,480
1358,131
1358,294
1358,78
1358,1357
1358,1356
756,2751
756,2757
756,95
756,471
756,41
756,468
2491,117
2491,2492
2491,2490
2491,449
2832,2833
2832,267
2832,96
2832,2829
3781,3780
3781,3522
3781,3524
3781,3782
3781,2967
3781,2966
3781,3753
3818,3817
3818,3810
3818,125
3818,839
4964,4948
4964,4963
4964,4955
4964,4946
2051,137
2051,2065
2051,415
2051,2052
2142,2141
2142,2143
2142,304
2146,2145
2146,3560
2146,2147
2146,635
2673,2672
2673,2682
2673,2674
2673,2660
3739,192
3739,3740
4778,4824
4778,4731
4778,4779
4778,4924
1607,1606
1607,38
1607,3693
4157,3970
4157,3994
4157,3995
4157,4158
4157,3828
4170,4167
4170,4169
161,952
161,944
161,290
161,4174
161,4175
2660,2661
2660,2673
2660,2659
2660,744
3863,4064
3863,4069
3863,4073
3863,4070
3863,4944
4849,4705
4849,4736
160,3613
160,3614
160,54
160,901
160,894
238,616
238,59
238,1705
238,613
238,5
849,3408
849,3409
849,3407
849,137
972,526
972,217
3649,9
3649,3650
3649,1206
3649,1210
3649,3651
3649,1204
45,56
45,729
45,194
45,1072
45,373
45,3545
45,3546
141,2324
141,2345
141,2325
141,439
141,2333
141,2337
141,2348
141,40
195,2788
195,2794
195,2799
195,96
195,151
195,95
195,264
566,129
566,77
566,1278
566,1268
1983,1982
1983,1984
1983,180
3085,3084
3085,203
3085,3065
3574,3573
3574,3480
3574,3609
3574,3501
3574,191
277,3454
277,857
277,89
277,870
467,118
467,3580
467,2720
467,469
467,2703
467,2705
467,2699
467,2698
572,1336
572,1339
572,1338
572,130
572,571
1638,52
1638,1634
1638,403
1638,1633
944,942
944,946
944,952
944,161
944,941
2022,2013
2022,2027
2022,2020
2022,2019
2670,2669
2670,2671
2670,2661
2670,260
3111,153
3111,3113
3111,3110
3111,3105
4066,3827
4066,4067
4066,4065
4066,4972
49,173
49,52
49,1628
1314,1315
1314,596
1314,1285
1314,1283
1935,1934
1935,180
1935,1936
1935,62
4836,4834
4836,4841
4836,4837
4836,4818
247,64
247,84
1256,1262
1256,381
1256,222
1256,1255
3332,3333
3332,3331
1236,557
1236,1235
1236,967
2364,2365
2364,2396
2364,325
3341,100
3341,507
3341,3331
3341,3333
4052,290
4052,4051
4052,3835
4052,3862
883,514
883,886
883,882
4070,4073
4070,4071
4070,3863
3835,3862
3835,4052
3835,4051
3835,9
3835,1201
3835,4159
3835,4161
3835,4162
3835,3849
3835,4040
3835,3881
622,303
622,1737
622,13
622,1736
2719,2718
2719,3582
2719,2720
2719,3580
2966,2967
2966,3781
2966,3753
2966,2947
3438,126
3438,3800
3438,3431
3458,2110
3458,2111
4860,4859
4860,4738
4860,4861
4860,4927
3582,3581
3582,2747
3582,2748
3582,469
3582,2719
3582,2720
3810,3812
3810,3381
3810,3817
3810,3818
4904,4906
4904,4931
4904,4903
239,1732
239,1742
239,1741
239,39
239,1733
239,621
239,1730
239,1729
239,1727
3320,3321
3320,3326
3320,4930
3681,93
3681,3682
3681,80
3681,3680
3860,4058
3860,4059
3860,3829
3860,3836
1994,1995
1994,2012
1994,1993
1994,643
2700,118
2700,2699
2700,2695
2700,2694
3839,4075
3839,3886
3839,4077
3839,4076
3839,3864
3839,3827
3839,3829
1453,1452
1453,1454
1453,1444
1568,299
1568,1569
1568,1557
1568,1558
3065,3066
3065,3085
3065,3773
3065,3003
3110,3111
3110,3109
3110,204
3110,3107
40,2316
40,2321
40,437
40,141
40,439
40,53
40,3728
1564,602
1564,1562
1564,1551
2218,2234
2218,2225
2218,676
2218,112
2684,748
2684,262
2684,2683
2684,2671
3615,366
3615,3616
3615,54
3615,3614
4841,4842
4841,4855
4841,4840
4841,4836
4954,3876
4954,4948
4954,4946
4954,4953
276,3385
276,3381
276,834
276,4752
276,4920
276,125
1960,109
1960,1967
1960,1961
1960,305
2841,2840
2841,2848
2841,267
2841,2838
3981,3829
3981,3876
1260,381
1260,1261
3295,3296
3295,3294
3295,3789
4064,4065
4064,4069
4064,3863
4064,4944
4973,3844
4973,4951
4973,4974
4973,4967
386,134
386,131
386,1352
386,1354
386,1346
386,1347
1561,396
1561,1560
1993,1994
1993,2011
1993,1992
1993,643
2344,2343
2344,2345
2344,2325
2461,447
2461,2467
2461,2446
2461,2445
3864,4076
3864,4082
3864,4084
3864,4083
3864,3827
3864,3839
3905,3904
3905,3916
3905,3906
3905,3841
761,2785
761,3
761,265
1500,80
1500,1499
1500,3686
1500,1495
3356,3357
3356,3355
3370,3806
3370,3815
3370,275
3370,3596
633,1789
633,635
633,1791
633,1790
633,1774
633,630
4931,4930
4931,4929
4931,4904
1068,1067
1068,3803
2658,2659
2658,2675
2658,2657
2658,744
957,955
957,554
957,552
957,954
3460,10
3460,421
3743,3744
3743,16
3743,3
3856,4149
3856,3941
3856,3969
3856,3942
3856,3938
3856,3837
3919,3920
3919,3926
3919,3918
3919,3853
643,2003
643,1994
643,1993
643,1992
643,2005
643,1971
643,1970
643,1969
889,365
889,159
889,888
889,886
2045,2040
2045,2054
2045,63
2045,2039
2110,3458
2110,3457
2110,2109
2110,2111
2596,2595
2596,2597
2596,259
2596,2650
2875,68
2875,3747
2875,2874
2875,2859
3710,1900
3710,1903
3710,1907
3710,1909
3710,3712
4159,3881
4159,3835
4159,4161
4159,4035
448,3482
448,3571
448,2457
448,2468
448,2467
448,2459
2946,2969
2946,2967
2946,2947
2946,2923
3042,3044
3042,354
3042,3035
3042,347
3068,3081
3068,3082
3068,3067
3068,3003
3443,3452
3443,3442
3443,861
3405,3406
3405,848
192,94
192,1815
192,3739
425,424
425,2160
425,666
425,312
425,665
425,1719
1944,1945
1944,6
1944,1943
1944,175
2584,54
2584,2595
3174,3173
3174,3179
3174,3175
3174,3156
3292,3293
3292,3594
3292,3291
3292,3790
3294,3295
3294,3593
3294,3293
3294,3789
3604,3603
3604,3406
3604,307
3604,137
3604,2075
1913,3504
1913,1915
1913,86
1913,1912
2000,642
2000,20
2000,2001
2000,1973
2062,2063
2062,183
2062,2061
2062,20
4842,4706
4842,4854
4842,4841
4842,4834
3720,3722
3720,21
3720,3719
3878,3829
3878,3844
3878,3987
3878,3986
366,898
366,3525
366,3526
366,2627
366,3613
366,3614
366,3615
366,3616
366,897
366,896
1495,80
1495,1500
1495,3686
1495,1494
1551,1564
1551,383
1551,1304
2162,2161
2162,2174
2162,2163
3686,1495
3686,1500
3686,1498
3686,3685
3731,252
3731,3732
3731,3517
3404,214
3404,3403
4958,4957
4958,4959
4958,4944
4958,4945
2441,2440
2441,2465
2441,2443
2441,444
2441,2433
2721,469
2721,2728
2721,468
2721,2704
3119,490
3119,3116
3840,4097
3840,3866
3840,4082
3840,4085
3840,3865
3840,4077
3840,4078
4728,4818
4728,4837
4728,4733
4728,4720
302,184
302,424
302,1719
1530,589
1530,231
2759,759
2759,2769
2759,95
2759,2751
3792,3598
3792,4697
3792,156
3792,3794
4970,4969
4970,4976
4970,4944
4970,4959
413,641
413,2002
413,1997
413,1996
413,1972
413,2003
413,109
443,2448
443,2446
443,2449
443,191
443,257
443,2401
471,2757
471,756
471,264
471,151
471,41
591,12
591,134
591,1532
2618,3578
2618,2619
2618,26
4084,4085
4084,3865
4084,4083
4084,3864
3989,3836
3989,3859
628,1767
628,629
628,1771
628,1766
628,626
628,1756
884,365
884,885
884,514
1255,1254
1255,1256
1255,222
1255,1248
2114,329
2114,1979
2114,1978
2114,653
3166,3167
3166,3169
3166,3165
3680,30
3680,3681
3680,80
3680,3679
3912,3854
593,1535
593,1340
593,573
593,1339
593,1536
593,1336
2598,54
2598,2611
2598,2597
2598,2609
2598,2595
267,2837
267,2838
267,2841
267,2847
267,2846
267,2845
267,67
267,2832
267,96
2025,244
2025,2042
2025,2026
2025,2024
2818,16
2818,766
2818,2819
2818,3
4765,4770
4765,4771
4765,4725
4765,4766
4953,3977
4953,4954
4953,4946
182,3401
182,3400
182,3399
182,3398
182,3403
182,3402
182,2063
182,2064
182,2076
182,20
2739,470
2739,2738
2739,2710
3668,3516
3668,3684
3668,171
3668,30
3668,3667
3789,3271
3789,3295
3789,3294
3789,3293
3789,3790
3789,4699
3789,4702
4781,4783
1650,405
1650,1653
1650,1642
1650,1643
2455,2468
2455,3571
2455,2453
2455,2449
3866,3832
3866,4093
3866,4097
3866,3840
257,444
257,2445
257,2443
257,443
257,2446
257,2405
257,2406
257,2401
257,2403
257,2408
257,93
2011,2012
2011,2020
2011,2010
2011,1993
3676,30
3676,3679
3676,80
3676,3675
3738,3737
3738,245
3738,3713
3793,4697
3793,3794
3793,3301
3793,4919
4181,4182
4181,4150
4181,4169
107,59
107,615
107,1712
107,83
107,1688
107,1685
107,614
107,1686
902,901
902,54
3505,5
3505,3506
3505,7
3505,1647
3970,4149
3970,3994
3970,4157
4151,3828
4151,4152
4151,3936
4151,3935
4151,3934
2463,2466
2463,447
2463,2445
2463,2443
3774,3773
3774,203
3774,3775
3774,3003
84,1762
84,108
84,247
84,627
1300,82
1300,396
1876,3531
1876,1877
1876,3804
1876,1875
2299,3826
2299,31
2553,2552
2553,3539
2553,2554
2553,35
2751,759
2751,2759
2751,756
2751,2728
3103,204
3103,3100
3103,120
437,2317
437,438
437,2321
437,40
437,2316
589,105
589,231
589,1530
1224,1226
1224,556
2664,259
2664,261
2664,2663
2664,2652
86,1905
86,1912
86,1913
86,1915
86,1916
86,1918
86,136
86,1906
86,50
3067,3068
3067,3083
3067,3066
3067,3003
3693,1607
3693,38
3693,3694
3735,2396
3735,707
3735,3736
3735,325
4872,4721
4872,4853
2746,2745
2746,3
2746,2747
2746,3581
3958,3957
3958,3967
3958,3959
3958,3871
258,723
258,60
258,331
790,98
790,154
3634,35
3634,127
3634,3633
5,238
5,613
5,1663
5,1671
5,1670
5,235
5,1675
5,1660
5,405
5,3505
5,3506
5,3700
88,2093
88,2109
88,2108
88,2106
88,89
88,870
88,2092
88,419
88,10
1261,381
1261,1260
1261,1259
1261,1257
1557,1568
1557,1570
1557,397
2043,646
2043,2056
2043,2040
2043,2041
2620,2619
2620,2621
2620,66
2624,1647
2624,7
2624,465
4067,3827
4067,3885
4067,4068
4067,4066
4716,4923
4716,4922
4716,4701
4716,834
4823,4826
4823,4712
4823,4731
4823,4824
279,3488
279,1516
279,445
279,3487
279,2437
279,1490
279,3690
279,3691
279,3692
279,3688
1051,1052
1051,35
1051,1050
1051,544
1292,1310
1292,1308
1292,1293
1292,3549
1991,1992
1991,2009
1991,1990
1991,2005
2316,437
2316,40
3942,3856
3942,3938
3942,3943
3942,3837
4840,4841
4840,4856
4840,4839
4840,4837
93,440
93,2413
93,444
93,257
93,2433
93,2408
93,3681
93,3682
93,30
398,1577
398,1585
398,172
398,58
398,1570
398,397
398,1569
1272,3552
1272,3654
1285,1314
1285,1313
1285,382
1285,1284
2290,15
2401,257
2401,191
2401,443
2401,2400
2401,2402
2401,2403
4083,4084
4083,4088
4083,3827
4083,3864
803,3158
803,3157
803,497
1973,2000
1973,641
1973,109
807,71
807,272
807,3182
807,3168
807,3169
1244,1243
1244,222
1244,1229
1987,1986
1987,306
1987,1988
1987,180
3472,3471
3472,3473
3472,3609
4068,4067
4068,3885
4068,4069
4068,4065
396,82
396,1566
396,1567
396,1561
396,1300
1684,613
1684,1685
1684,236
1684,1676
3788,3197
3788,3266
3788,3787
4733,4837
4733,4839
4733,4926
4733,4728
4839,4840
4839,4857
4839,4926
4839,4733
929,55
929,563
1769,726
1769,1774
1769,1770
1769,457
354,353
354,3041
354,488
354,3044
354,3042
958,216
958,555
958,961
958,553
958,955
1254,19
1254,1262
1254,1255
1254,1253
1688,614
1688,107
1688,1686
1688,613
3475,3477
3475,3476
3475,3474
130,571
130,572
130,1338
130,1341
130,1344
130,574
130,1337
130,385
130,1335
130,1328
130,3554
1675,5
1675,1676
1675,236
1675,235
2805,3
2805,2806
2805,2804
2805,2797
3520,3519
3520,119
3520,3509
3520,343
3520,481
3520,341
3605,861
3605,3453
3605,3606
3605,89
3605,857
3914,3928
3914,3910
3914,3908
4852,4853
4852,4721
4852,4722
41,262
41,468
41,471
41,756
41,749
41,334
41,2681
41,2680
41,2679
41,746
638,1868
638,1867
638,655
638,1859
638,1860
638,61
638,1870
638,3706
638,3707
638,3708
3177,3176
3177,70
3461,421
3461,2494
2067,2066
2067,307
2067,2068
2067,415
2352,3518
2352,2353
2352,2349
3557,1685
3557,83
3557,3558
3557,236
3767,3766
3767,3003
3767,3768
3767,2923
3887,3851
3887,28
3887,4072
3887,4071
148,410
148,1826
148,1825
148,1824
148,1823
148,1827
148,1812
148,3867
148,4143
2014,2015
2014,2017
2014,2013
2014,1996
2846,2847
2846,767
2846,2845
2846,267
3406,3407
3406,848
3406,3405
3406,3604
3455,870
3455,2106
3455,3456
4725,4726
4725,4765
4831,4698
4831,4832
4831,4730
4831,4820
1287,1286
1287,1288
1287,168
1287,382
1634,52
1634,1637
1634,403
1634,1638
1767,1768
1767,629
1767,628
1767,1756
2760,2761
2760,2765
2760,472
2760,336
3751,2947
3751,3753
3751,3752
3751,2923
2634,260
2634,744
2634,2635
514,884
514,885
514,883
543,4193
543,1057
543,1056
1301,383
1301,82
1878,3531
1878,1879
1878,3804
1878,1877
1929,144
1929,1930
1929,62
1929,1928
2144,2143
2144,3559
2144,2145
2144,1792
2440,2439
2440,446
2440,2441
2440,2435
3482,448
3482,447
4017,3830
4017,4027
4017,4020
4017,4013
4017,4010
4166,4133
4166,3832
4166,3894
4166,3831
4166,4165
4856,4855
4856,4870
4856,4857
4856,4840
108,1771
108,1772
108,634
108,241
108,1721
108,84
108,1766
108,1765
108,1764
108,1763
108,1762
312,666
312,185
312,3723
312,3724
312,665
312,425
334,41
334,151
334,749
421,3461
421,2494
421,3460
421,10
421,2488
421,2487
725,2540
725,1779
725,1778
725,2541
3105,153
3105,3111
3105,3104
3105,3107
3105,159
3675,30
3675,3676
3675,29
3675,80
3675,3674
1264,168
1264,3550
1264,1271
1264,381
1587,58
1587,1591
1587,1588
1587,1575
4708,4808
4708,4935
4708,4936
4708,4937
4708,4720
4708,805
4708,71
4708,4797
4912,4701
4912,4697
1986,1985
1986,306
1986,1987
1986,180
2636,150
2636,2649
2636,2639
2636,2642
3559,13
3559,3560
3559,2144
3559,2145
3559,2143
3859,3836
3859,3829
3859,3988
3859,3989
3937,3837
3937,3936
3937,3847
489,3120
489,69
489,786
489,3112
489,153
923,3555
923,922
1441,48
1441,1447
1441,3673
1441,29
1441,79
3402,3403
3402,214
3402,3401
3402,182
16,3743
16,3744
16,68
16,2818
16,766
16,2836
16,2839
16,2840
16,2849
16,2827
16,3
921,922
921,3556
921,919
1815,192
1815,94
1815,1830
1815,410
1815,3740
2492,117
2492,3462
2492,2493
2492,2491
2540,456
2540,1780
2540,725
598,599
598,1311
598,597
598,1312
2382,325
2382,2391
2382,326
2382,3567
2597,2598
2597,2609
2597,2666
2597,2596
2627,2626
2627,405
2627,366
2714,335
2714,2735
2714,2715
2714,2707
4859,4858
4859,4738
4859,4860
4859,4926
1550,1304
1550,1306
2668,2667
2668,2687
2668,745
2668,333
2680,2681
2680,41
2680,2679
2680,2675
3473,3472
3473,3477
3473,3474
3473,3610
4076,4077
4076,4082
4076,3864
4076,3839
4764,4763
4764,4784
4764,4762
1258,1257
1258,1259
1258,1247
1258,222
3943,3942
3943,3939
3943,3837
4762,4703
4762,4764
4762,4761
1335,130
1335,1327
1444,1445
1444,1453
1444,390
4153,3973
4153,3836
4153,3990
4153,4154
4153,3965
4153,3966
1980,1979
1980,245
1980,1978
3156,3172
3156,3174
3156,3154
3935,3936
3935,4151
3935,3934
3935,3847
4891,4743
4891,4710
1773,630
1773,634
1773,1772
1773,629
3268,3267
3268,3266
4752,276
4752,4920
4752,834
4770,4769
4770,4771
4770,4765
4770,4767
132,387
132,1399
132,48
132,224
132,79
132,578
435,2291
435,692
435,675
573,1340
573,1345
573,575
573,1341
573,593
573,1339
1210,3649
1210,3651
1210,1206
2613,332
2613,2630
2613,2612
2613,54
37,31
37,2298
37,32
37,1614
37,1619
37,1620
37,3695
37,3696
1604,1
1604,1603
2436,445
2436,2439
2436,2435
2436,2413
3927,3926
3927,3855
3927,3842
3927,3918
61,1871
61,1872
61,1873
61,1874
61,1875
61,3804
61,1870
61,638
96,2824
96,2829
96,2832
96,2815
96,2820
96,2804
96,2807
96,67
96,477
96,267
96,151
96,97
96,195
96,2799
1268,1278
1268,566
1268,77
1719,425
1719,302
1742,1741
1742,239
1742,1732
3355,3354
3355,3356
3355,507
3355,832
3918,3919
3918,3927
3918,3917
3918,3853
4139,3867
4139,4138
4139,4155
4816,4815
4816,4817
4816,4720
4816,4808
4156,4155
4156,4141
4156,3867
4156,4137
4156,4127
401,2271
401,1
401,1626
911,912
911,66
911,910
2764,2763
2764,265
2764,2765
2764,2762
3044,353
3044,354
3044,3042
3044,347
83,107
83,1712
83,1711
83,1708
83,1709
83,1710
83,3825
83,3557
83,3558
3736,3735
3736,707
3736,2391
3736,325
4154,4153
4154,3836
4154,3961
1750,193
1750,1752
1750,1746
1750,28
3498,3516
2317,3517
2317,438
2317,437
2638,2639
2638,333
2776,265
2776,2763
3712,1894
3712,1897
3712,3710
3712,3711
3714,245
3714,246
3714,3713
21,3719
21,3720
21,187
21,1716
21,51
1724,13
1724,1735
1724,1722
2030,2029
2030,87
2030,2031
2030,6
3480,3479
3480,3609
3480,3574
2227,2226
2227,2232
2227,2228
2227,2225
2227,2234
2408,93
2408,257
2408,2367
2408,3682
3568,3567
3568,326
3568,113
3950,3949
3950,3854
4020,4017
4020,4010
51,21
51,111
51,1716
194,729
194,2572
194,2564
194,45
194,373
403,1638
403,1634
403,1636
403,1635
403,1639
623,39
817,4714
817,4715
817,4899
817,4710
1327,1328
1327,1335
1327,1326
1327,568
4029,3830
4029,4027
300,1595
300,1596
300,1593
300,1583
300,1584
300,1594
300,1582
300,299
2674,2673
2674,2681
2674,2675
2674,2659
2740,336
2740,472
2740,2741
2740,2737
1741,39
1741,239
1741,1742
2898,343
2898,342
2898,480
2898,197
3796,73
3796,213
3796,3795
3900,3841
3900,3907
3900,3901
4074,3885
4074,3851
4074,4073
4074,4069
882,883
882,887
1775,1776
1775,1789
1775,1774
1775,726
3837,3942
3837,3943
3837,3856
3837,3937
3837,3847
4701,4716
4701,213
4701,834
4701,4697
4701,4912
2040,2041
2040,2043
2040,2056
2040,137
2040,2039
2040,2045
2040,2054
2040,2027
3296,502
3296,3295
3296,3271
3575,459
3575,735
3575,3576
3575,2572
897,366
897,896
4940,4879
4940,4882
4940,4941
4940,4700
4940,4863
782,781
782,3101
782,120
1990,1991
1990,3563
1990,2006
2683,2684
2683,262
2683,2682
2683,2672
3596,3595
3596,3370
3596,3806
3596,275
3596,101
3708,3707
3708,638
3708,60
28,220
28,1116
28,1750
28,193
28,34
28,1746
28,3887
28,4192
1917,136
4863,4864
4863,4940
4863,4700
4863,4862
3469,3474
3469,3476
3469,3610
3936,3937
3936,4151
3936,3935
3936,3847
167,1231
167,380
167,1232
167,556
167,1223
167,9
167,555
1344,575
1344,576
1344,574
1344,130
2158,14
2158,427
2158,424
3451,3450
4719,4696
4719,4769
4719,4925
4719,4768
4719,4767
4719,4703
4899,817
4899,4715
4899,4699
4899,4710
1280,293
1280,1545
1280,1544
1280,1317
1280,1282
1280,1318
1280,19
1280,55
1280,223
1280,1266
2113,10
2113,2085
2113,652
2113,329
2169,59
3448,866
3448,3449
3448,24
3782,3781
3782,3522
3782,3027
3782,3753
3782,3754
886,885
886,889
886,887
886,883
922,923
922,3556
922,921
1588,1587
1588,1590
1588,1574
1879,3531
1879,1880
1879,3805
1879,1878
2024,244
2024,2025
2024,2013
2024,2017
3515,3499
3515,3516
3515,3661
3515,3662
3515,3665
3515,3514
439,141
439,2333
439,2334
439,40
1348,576
1348,577
1348,1349
1348,574
1892,3503
1892,1893
1892,50
1892,1887
2084,2085
2084,652
3608,3607
3608,3447
3608,42
3803,1068
3803,56
151,471
151,264
151,195
151,96
151,97
151,334
1052,1053
1052,35
1052,1051
1052,544
32,37
32,2298
32,2297
32,2296
32,15
32,173
32,2272
32,1621
32,1622
32,3555
32,3556
3328,156
3328,3797
3401,3402
3401,214
3401,3400
3401,182
405,3699
405,3700
405,5
405,1653
405,1660
405,1650
405,1643
405,2627
405,2626
1543,1324
1543,77
1771,629
1771,1772
1771,108
1771,628
3160,805
3160,71
3160,3161
3160,3157
3932,3933
3932,4152
3932,3931
3932,3847
4138,4139
4138,4155
4138,4127
4698,4829
4698,4830
4698,4871
4698,4721
4698,4874
4698,4723
4698,4706
4698,4821
4698,4820
4698,4831
4698,4786
4698,4832
4698,4822
4698,4726
4698,4727
1226,1227
1226,1225
1226,1224
1226,556
1253,19
1253,1254
1253,1248
1253,1250
1282,1317
1282,1316
1282,19
1282,1280
2659,2660
2659,2674
2659,2658
2659,744
2785,3
2785,761
3115,3114
3115,69
3115,3585
3115,204
252,699
252,2355
252,3731
252,3732
252,3733
252,3734
1447,48
1447,30
1447,3673
1447,1441
2688,261
2688,118
2688,2687
2688,2692
2688,2667
2708,751
2708,2712
2708,335
2708,332
2773,2774
2773,2779
2773,95
2773,2769
3800,3431
3800,3438
3800,3446
3800,42
3800,3802
1225,1245
1225,1226
3705,655
3705,3706
3705,723
3969,3856
3969,4149
3969,3828
3969,3941
406,39
947,948
947,950
947,946
947,523
1594,400
1594,300
1594,1582
1594,1580
1729,1730
1729,239
1729,1727
1729,620
2669,745
2669,2685
2669,2670
2669,260
4882,4883
4882,4942
4882,4943
4882,4903
4882,4939
4882,4940
4882,4941
4882,4879
4039,3849
4039,4040
4039,3881
4039,4032
136,1918
136,62
136,1917
136,86
1271,1264
1271,1275
1967,1968
1967,2006
1967,640
1967,1960
2707,335
2707,2714
2707,2633
3780,3779
3780,3523
3780,3524
3780,3781
3780,3003
3780,2968
4739,4706
4739,4699
4739,4870
4739,4854
4739,4855
1293,1292
1293,1307
1293,3551
1293,3549
2353,3518
2353,92
2353,2352
2757,95
2757,264
2757,471
2757,756
2547,3537
2547,2548
2547,35
3175,3174
3175,3176
3175,70
3175,3154
3266,3197
3266,3268
3266,3788
3724,312
3724,2174
3724,3723
648,87
648,138
648,2074
648,2048
1243,1249
1243,222
1243,1244
1243,1242
1578,82
1578,299
1578,603
1578,1566
1969,1970
1969,643
1969,1968
1969,109
2060,2061
2060,183
2060,2059
2060,646
3794,4697
3794,3792
3794,819
3794,156
3794,3793
3930,3931
3930,3946
3930,3929
3930,3924
1803,175
1803,1804
1803,1802
3191,3821
3191,4700
3191,3192
4040,3849
4040,3835
4040,3881
4040,4039
4871,4873
4871,4698
4871,4721
2013,2014
2013,2017
2013,2024
2013,2026
2013,2012
2013,2019
2013,2022
2013,1995
2449,2457
2449,2455
2449,2453
2449,191
2449,443
2449,2448
3414,3533
3414,3423
3414,126
3414,3801
3727,3728
3727,53
4876,4875
4876,4702
4876,4877
4876,4738
1240,560
1240,221
4815,4821
4815,4820
4815,4730
4815,4816
4815,4817
4815,4786
4828,4722
4828,4845
4828,4829
4828,4712
113,326
113,3568
113,2431
113,707
113,711
113,2384
113,700
113,2388
2698,2699
2698,467
2698,2697
2698,2695
2923,2947
2923,2946
2923,2969
2923,3751
2923,3752
2923,3759
2923,3760
2923,3761
2923,3762
2923,3765
2923,3766
2923,3767
2923,3768
2923,3749
2923,200
2923,2928
3084,3083
3084,3085
3084,3066
3652,3650
3652,3651
3939,3938
3939,3941
3939,3828
3939,3943
92,2387
92,442
92,700
92,22
92,2354
92,2353
92,3518
615,59
615,2168
615,2167
615,107
2888,341
2888,481
2888,2881
3911,3910
3911,3854
272,71
272,155
272,3180
272,3185
272,807
272,3182
490,69
490,3121
490,3119
490,3118
490,3117
801,98
801,205
2765,2764
2765,265
2765,472
2765,2761
2765,2760
4873,4871
4873,4721
404,4
404,672
404,1640
2391,3736
2391,707
2391,326
2391,2382
2551,2550
2551,3538
2551,2552
2551,35
2779,2774
2779,2782
2779,95
2779,2773
1941,1943
1941,6
1941,1942
1941,175
2839,16
2839,2840
2839,2838
2839,2836
3369,3815
3369,3807
3369,359
3369,275
3871,3828
3871,3957
3871,3958
3871,3956
3871,3855
3871,3842
1905,3503
1905,1912
1905,86
1905,1904
3827,3839
3827,3864
3827,4083
3827,4088
3827,4163
3827,4164
3827,3831
3827,4066
3827,4067
3827,3885
3827,3851
3827,220
3827,3829
3827,3844
3827,4951
3827,4971
4818,4834
4818,4836
4818,4728
4818,4720
1824,1825
1824,3508
1824,1823
1824,148
2489,2490
2489,2488
2489,2485
2489,2483
2787,3742
2787,2795
2787,2788
2787,2774
3102,204
3102,783
3102,3101
3102,781
3108,204
3108,3586
3108,783
3529,3530
3529,1871
3529,1868
3529,1860
3529,1867
3529,2516
3529,2126
3741,3
3741,3742
3741,2768
3741,2774
3741,759
4923,4922
4923,4716
4923,834
3854,3913
3854,3928
3854,3951
3854,3950
3854,3912
3854,3911
3951,3952
4715,4714
4715,4908
4715,4697
4715,4750
4715,818
4715,4899
4715,817
4907,3790
4907,4906
4907,4903
4907,4943
1962,1961
1962,640
1962,1963
1962,305
2702,2706
2702,118
2702,2701
2788,2787
2788,2794
2788,195
2788,2782
3442,3443
3442,861
3973,3972
3973,3990
3973,4153
3973,3967
1764,1765
1764,108
1764,1763
1764,1760
4911,4697
4911,4919
4911,4750
907,127
907,26
1257,381
1257,1261
1257,1258
1257,222
4175,941
4175,161
4175,4174
4175,4187
4706,4723
4706,4699
4706,4842
4706,4854
4706,4739
4706,4698
4706,4843
4706,4832
265,2776
265,761
265,3
265,2764
265,2765
2488,2493
2488,421
2488,2487
2488,2489
180,143
180,1988
180,1989
180,1984
180,1985
180,1986
180,1987
180,1983
180,1982
180,109
180,1937
180,1938
180,1939
180,1940
180,1933
180,1934
180,1935
180,1936
180,1932
180,144
3524,3523
3524,3522
3524,3780
3524,3781
144,143
144,180
144,1927
144,1928
144,1929
144,1930
144,1932
144,2507
144,450
144,1926
2687,2688
2687,2692
2687,745
2687,2668
3158,3159
3158,805
3158,3157
3158,803
4072,3851
4072,3887
4072,4071
4072,4073
4133,4132
4133,3894
4133,4166
4133,3832
118,2701
118,2702
118,2706
118,2716
118,2732
118,3579
118,3580
118,2694
118,2700
118,2699
118,467
118,261
118,2692
118,2688
1574,1588
1985,1984
1985,306
1985,1986
1985,180
3431,126
3431,3438
3431,3800
3431,3423
3585,3115
3585,3118
3585,3117
3585,3586
3585,204
3654,3653
3654,383
3654,1272
4025,4150
4025,4026
4025,3830
4025,4024
1765,1766
1765,108
1765,1764
1765,1759
4700,4862
4700,4863
4700,4939
4700,4940
4700,4941
4700,3197
4700,155
4700,3821
4700,3191
578,105
578,132
578,387
578,224
578,12
578,1370
1572,1571
1572,58
1572,1573
1572,1555
3728,40
3728,53
3728,3727
3823,3822
3823,272
3823,155
3823,71
4132,4127
4132,4137
4132,4133
4132,3832
1288,1312
1288,1311
1288,168
1288,1287
2625,7
2625,3699
2625,2626
2625,3526
2794,2795
2794,2799
2794,195
2794,2788
4722,4851
4722,4852
4722,4828
4722,4845
4722,4846
4722,4712
4908,3316
4908,4697
4908,4715
4908,4714
414,20
414,244
414,2015
414,2016
414,1999
414,1998
1582,1594
1582,300
1582,299
1582,1581
2609,2598
2609,2610
2609,2597
3684,3683
3684,171
3684,3668
3684,3516
4956,4955
4956,4957
4956,4945
4956,4946
456,3831
456,304
456,2540
456,1780
2642,2636
2642,2643
2642,333
2642,2639
2742,263
2742,3
2742,2729
2742,2744
2742,2731
3083,3082
3083,3084
3083,3067
3447,3608
3447,866
3447,42
3534,3441
3534,862
3534,126
3534,3533
3925,3924
3925,3929
3925,3926
3925,3920
245,653
245,1978
245,1980
245,3713
245,3714
245,3738
1286,1313
1286,1312
1286,1287
1286,382
1549,1309
1549,599
2623,2622
2623,515
2623,66
3118,69
3118,490
3118,3117
3118,3585
4838,4713
4838,155
24,42
24,3448
24,3449
24,868
24,866
24,25
857,3454
857,3605
857,89
857,277
3716,10
3716,2092
3716,419
3716,3715
4846,4847
4846,4722
4846,4712
4846,4827
616,111
616,59
616,238
1232,1231
1232,167
1266,223
1266,1280
1266,19
1620,1619
1620,37
1620,3555
1768,457
1768,1770
1768,1767
1768,1756
3531,3532
3531,1879
3531,1878
3531,1877
3531,1876
3531,3530
1341,573
1341,575
1341,130
1341,1338
1970,1971
1970,643
1970,1969
1970,109
3483,447
3483,446
3775,3774
3775,780
3775,203
3775,3776
3775,3003
1304,1550
1304,1551
1304,383
1304,3653
3331,3341
3331,3332
3633,35
3633,3634
3633,1078
3923,3847
3923,3931
3923,3924
3923,3922
1227,222
1227,1245
1227,1226
1227,556
1788,1787
1788,1792
1788,1789
1788,1776
2720,2719
2720,3582
2720,469
2720,467
3399,3400
3399,214
3399,3398
3399,182
4071,4072
4071,3887
4071,4070
328,2485
328,2487
328,10
328,2486
328,2479
328,2478
3477,3475
3477,3473
1231,380
1231,167
1231,1232
2486,328
2486,10
2643,2649
2643,2647
2643,333
2643,2642
3554,3553
3554,130
3554,1328
3554,129
2647,2648
2647,2653
2647,333
2647,2643
470,2763
470,336
470,2762
470,2739
470,2738
2703,467
2703,2705
2703,262
2703,2697
3077,3076
3077,120
3077,3078
3077,3003
4705,4736
4705,4849
4705,4737
4705,4826
4705,4824
4705,4924
4705,4696
4906,3290
4906,4930
4906,4904
4906,4907
55,77
55,293
55,1280
55,1322
55,929
55,563
55,223
55,928
55,282
55,927
597,598
597,1312
597,596
597,1313
2435,2436
2435,2440
2435,2433
2435,2413
2648,259
2648,2652
2648,2647
2648,2649
3881,4040
3881,4032
3881,4039
3881,3835
3881,4035
3881,4159
3881,3830
137,183
137,3603
137,3604
137,2051
137,2065
137,2066
137,2075
137,2056
137,2054
137,2053
137,2040
1737,303
1737,622
131,12
131,1358
131,294
131,386
131,1354
131,1355
553,9
553,290
553,552
1930,144
1930,1932
1930,62
1930,1929
2731,263
2731,2742
2731,2730
2731,2732
1309,1549
1309,1308
1309,1310
1603,1604
1603,1
1603,1602
1712,83
1712,107
4056,4149
4056,4015
4056,4158
4056,4008
329,2495
329,2113
329,652
329,2114
329,1979
329,2496
329,2497
1847,60
850,25
850,509
850,3408
850,3409
1982,143
1982,1983
1982,180
2686,2693
2686,748
2686,2685
2686,745
222,1248
222,1255
222,1256
222,1257
222,1258
222,1247
222,1227
222,1245
222,1246
222,1243
222,1244
222,1229
2496,329
2496,2497
3679,30
3679,3680
3679,80
3679,3676
4169,4170
4169,4181
4169,4150
4854,4706
4854,4739
4854,4855
4854,4842
963,964
963,962
963,216
3173,3181
3173,3174
3173,3172
3357,3356
3357,3354
3995,4149
3995,4008
3995,4157
3995,3994
4761,4762
4761,4781
4937,4786
4937,4935
4937,4708
4937,4936
1548,1315
1548,595
1971,1972
1971,643
1971,1970
1971,109
2493,2492
2493,2494
2493,2488
2493,2490
2666,2689
2666,261
2666,259
3519,200
3519,119
3519,3749
3519,3520
3519,341
3519,482
26,3617
26,3618
26,2618
26,3577
26,3578
26,913
26,66
26,907
26,127
781,3100
781,204
781,3102
781,782
781,120
3740,3739
3740,1815
3740,410
1897,50
1897,1900
1897,3712
1897,1894
2006,2005
2006,1990
2006,1967
2234,2227
2234,2218
2234,112
2595,54
2595,2598
2595,2596
2595,2584
2696,2695
2696,2697
2696,262
2696,748
3558,3557
3558,83
3558,236
3734,252
3734,2354
3734,3518
3734,3733
699,700
699,2355
699,252
1899,3503
1899,1904
1899,50
1899,1898
2230,4
2230,2226
2230,2232
2230,112
3618,26
3618,3617
574,1344
574,1349
574,78
574,1348
574,385
574,130
967,1236
967,968
1540,3553
1540,395
1672,235
1672,1674
1672,265
1672,1667
1893,3503
1893,1898
1893,50
1893,1892
3683,3492
3683,3684
4952,4945
4952,4944
665,425
665,312
665,2161
3484,446
3484,3485
3673,1447
3673,30
3673,3674
3673,29
3673,1441
13,1725
13,39
13,621
13,1739
13,240
13,303
13,622
13,1724
13,1735
13,1736
13,1722
13,241
13,3559
13,3560
35,1065
35,2547
35,2548
35,2549
35,2550
35,2551
35,2552
35,2553
35,2554
35,2555
35,2556
35,127
35,1067
35,1078
35,3633
35,3634
35,1056
35,1055
35,1054
35,1053
35,1052
35,1051
35,1050
35,1057
1871,3529
1871,1872
1871,61
1871,1868
3456,3455
3456,2106
3456,3457
1583,300
1583,1584
1583,1577
1583,299
4957,4962
4957,4960
4957,4958
4957,4956
1927,144
1927,1928
1927,62
1927,1925
3790,3789
3790,3292
3790,3291
3790,3290
3790,4907
3790,4702
1790,633
1790,241
1790,634
1790,630
1874,3530
1874,1875
1874,61
1874,1873
2035,2036
2035,2047
2035,2034
2035,6
2737,336
2737,2740
2737,2736
2737,335
3487,3486
3487,445
3487,279
3593,3325
3593,3324
3593,3594
3593,3294
3593,3293
3965,3966
3965,4153
3965,3961
3965,3960
2610,2611
2610,2633
2610,2690
2610,2609
154,3151
154,98
154,794
154,3123
154,791
154,356
154,790
619,1744
619,1731
619,620
619,2135
619,2136
619,2134
1065,3631
1065,3632
1065,35
1065,1058
1571,397
1571,58
1571,1572
1571,1556
1709,83
2031,2030
2031,6
2400,2401
2400,191
2400,2399
2400,441
3121,69
3121,98
3121,490
3787,3197
3787,3788
3787,3194
4702,4699
4702,3789
4702,3790
4702,4883
4702,4942
4702,4943
4702,4875
4702,4876
4702,4877
4702,4878
4702,4741
1920,3504
1920,1924
1920,1918
1920,1919
2869,769
2869,2881
2869,2868
2869,2870
3078,3077
3078,120
3078,3079
3078,3003
3699,7
3699,3506
3699,3700
3699,405
3699,2625
2003,413
2003,1995
2003,643
2003,1972
2689,2690
2689,261
2689,2666
2878,2874
2878,482
2878,2879
2878,2873
3540,3539
3540,906
3540,2554
3540,2555
119,3028
119,3749
119,3750
119,3049
119,3050
119,3032
119,3522
119,347
119,3509
119,3519
119,3520
2859,68
2859,2875
2859,767
2859,2848
3851,3827
3851,220
3851,4072
3851,3887
3851,3885
3851,4074
4015,4150
4015,4016
4015,4158
4015,4056
4727,4698
4727,4786
4727,4933
4834,4833
4834,4843
4834,4842
4834,4818
4834,4836
4834,4730
261,2666
261,2689
261,2690
261,118
261,2667
261,2688
261,259
261,2664
1372,12
1372,224
1605,1
1605,1606
3435,25
3435,509
3545,56
3545,45
3545,3546
4697,4912
4697,4701
4697,3358
4697,3351
4697,836
4697,3597
4697,3598
4697,4911
4697,4919
4697,3793
4697,3794
4697,3792
4697,4749
4697,4908
4697,4715
4697,4750
4697,3316
325,2364
325,3735
325,3736
325,2382
325,3567
630,1774
630,633
630,1790
630,1773
630,1770
630,629
3753,2966
3753,3781
3753,3782
3753,3754
3753,3751
58,398
58,172
58,1
58,1575
58,1587
58,1591
58,1599
58,397
58,1571
58,1572
58,1573
58,601
459,149
459,7
459,735
459,3575
2001,2000
2001,1999
2001,2002
2001,641
2644,333
2644,260
2644,2645
2650,150
397,1557
397,1570
397,398
397,58
397,1556
397,1571
950,949
950,553
950,951
950,947
2546,1746
2546,34
4773,4774
4773,4780
4773,4771
4773,4769
523,217
523,948
523,947
523,942
523,284
949,217
949,953
949,950
949,948
970,969
970,966
970,216
2161,665
2161,3723
2161,2162
3674,30
3674,3675
3674,29
3674,3673
373,45
373,194
373,1072
3630,34
3630,3632
3630,3629
4941,4882
4941,4939
4941,4700
4941,4940
1894,50
1894,1897
1894,3712
1894,1891
2074,138
2074,648
2140,2139
2140,2141
2140,304
2478,2479
2478,328
2564,194
2564,2572
2815,2816
2815,2820
2815,96
2815,2807
3597,836
3597,3598
3597,4697
2321,438
2321,2324
2321,40
2321,437
1600,1
1600,1589
1860,3529
1860,1867
1860,638
1860,1859
1926,450
1926,144
1926,1925
3293,3294
3293,3593
3293,3292
3293,3789
1593,1596
1593,1597
1593,172
1593,300
2343,3518
2343,2349
2343,2344
2343,2325
10,3460
10,421
10,2093
10,88
10,2092
10,2111
10,2113
10,2086
10,2085
10,3715
10,3716
10,328
10,2486
10,2495
155,4713
155,4838
155,4700
155,4862
155,272
155,3185
1552,1553
1552,601
1744,1743
1744,1731
1744,619
3594,3593
3594,3323
3594,3322
3594,4930
3594,3292
3594,3291
3423,126
3423,3431
3423,3802
3423,3414
3504,450
3504,1916
3504,1919
3504,1920
3504,1924
3504,1912
3504,1913
3504,1915
3504,3503
910,911
910,66
910,909
2167,615
969,968
969,970
3828,4157
3828,4158
3828,3830
3828,4013
3828,4009
3828,4010
3828,3871
3828,3957
3828,3968
3828,3972
3828,3992
3828,3880
3828,3946
3828,3947
3828,3855
3828,4151
3828,4152
1763,1764
1763,108
1763,1762
2768,3741
2768,2774
2768,2769
2768,759
2716,2715
2716,2733
2716,118
2716,2706
126,3533
126,3534
126,3431
126,3423
126,3438
126,3414
390,29
390,1445
390,1444
390,296
507,832
507,3355
507,100
507,3341
629,1770
629,630
629,1773
629,1771
629,1767
629,628
1621,3556
1621,32
1621,1622
1621,919
1933,1932
1933,180
1933,1934
1933,62
2061,2062
2061,183
2061,2060
2061,20
2741,2740
2741,472
2741,263
2741,2736
3549,1290
3549,1293
3549,1292
3549,3550
3549,168
4164,4104
4164,3827
4164,4163
4972,4971
4972,4066
4972,4944
4972,4976
599,1549
599,1310
599,598
599,1311
1362,294
1362,1369
1362,78
1989,1988
1989,306
1989,180
3532,3503
3532,1883
3532,1886
3532,1882
3532,1880
3532,3531
3666,3516
3666,3667
3666,48
3666,3665
4851,4722
4851,4847
1498,1499
1498,3686
1569,299
1569,398
1569,1570
1569,1568
2054,2040
2054,137
2054,2053
2054,2045
2653,2652
2653,2663
2653,333
2653,2647
4858,4857
4858,4738
4858,4859
4858,4926
1622,1621
1622,32
1622,919
2336,2337
2336,2334
2365,190
2365,2397
2365,2364
2838,2839
2838,2841
2838,267
2838,2837
3109,3113
3109,3114
3109,204
3109,3110
3510,3509
3510,485
3510,347
3510,2915
3510,342
3510,343
333,2643
333,2647
333,2642
333,2653
333,2663
333,2668
333,745
333,2644
333,260
333,2638
1580,400
1580,1594
1580,1581
1580,82
73,275
73,3345
73,125
73,213
73,3795
73,3796
73,3306
73,504
928,55
928,282
1716,21
1716,51
1937,1936
1937,180
1937,1938
1937,62
3397,3398
3397,214
3397,183
3847,3837
3847,3934
3847,3933
3847,3932
3847,3937
3847,3936
3847,3935
3847,3922
3847,3923
861,3453
861,3443
861,3442
861,3605
962,963
962,1208
962,216
1746,28
1746,1750
1746,2546
1746,34
2037,415
2037,416
2037,2036
2037,63
711,2431
711,22
711,3502
711,442
711,113
711,2388
1653,405
1653,1660
1653,1652
1653,1650
2747,2746
2747,3
2747,2748
2747,3582
4875,4699
4875,4702
4875,4876
4875,4738
246,3713
246,3714
246,143
626,1756
626,628
626,1766
626,1759
626,625
626,193
894,160
3563,2009
3563,63
3563,3564
3563,1990
4720,4816
4720,4817
4720,4730
4720,4818
4720,4728
4720,4708
197,268
197,477
197,343
197,2898
197,480
197,3745
197,3746
197,97
1883,3532
1883,1886
1883,3805
1883,1882
2516,3529
2516,2126
2516,655
3290,3291
3290,4930
3290,4906
3290,3790
3822,3824
3822,155
3822,3819
3822,3823
4172,4168
4172,4167
4824,4705
4824,4823
4824,4826
4824,4778
4824,4924
66,26
66,2619
66,2620
66,2621
66,2622
66,2623
66,738
66,149
66,913
66,912
66,911
66,910
66,909
304,3831
304,2138
304,2139
304,2140
304,2141
304,2142
304,1787
304,1793
304,456
304,1780
304,1779
304,1778
482,3747
482,3748
482,3519
482,341
482,2878
482,2874
620,619
620,1730
620,1729
620,1727
620,2137
620,2138
2225,2227
2225,2228
2225,676
2225,2218
2086,10
2086,3715
2086,2085
2457,448
2457,2468
2457,2449
2457,2448
2481,2482
2481,2484
2481,2480
2481,22
3474,3473
3474,3475
3474,3469
3474,3610
1906,86
1906,1907
1906,1910
1906,50
2711,2710
2711,2738
2711,2712
2711,751
1789,1788
1789,635
1789,633
1789,1775
2704,2705
2704,2721
2704,468
2704,262
184,2156
184,14
184,2155
184,311
4767,4719
4767,4770
4767,4766
4767,4768
4737,4850
4737,4847
4737,4827
4737,4705
1907,1906
1907,1910
1907,3710
1907,1903
3150,4753
3150,205
4960,4961
4960,4969
4960,4959
4960,4957
1307,1308
1307,1306
1307,1293
2733,2734
2733,263
2733,2732
2733,2716
2736,2737
2736,2741
2736,2735
2736,335
891,159
891,3076
891,890
1306,1307
1306,1550
1306,3653
1306,3551
2557,127
2557,56
2762,470
2762,2764
2762,2761
2762,336
2967,2968
2967,3781
2967,2966
2967,2946
3990,3992
3990,3880
3990,3836
3990,3973
3990,4153
769,2879
769,2881
769,2869
769,3583
769,3584
951,950
951,552
951,952
951,946
1828,1829
1828,3507
1828,1827
1828,410
2028,2027
2028,2039
2028,63
2028,2020
3765,3762
3765,3003
3765,3766
3765,2923
2036,2037
2036,416
2036,2035
2036,6
3779,3776
3779,3523
3779,3780
3779,3003
4853,4872
4853,4721
4853,4852
153,3112
153,489
153,786
153,3111
153,3113
153,3105
153,159
836,3351
836,3597
836,4697
2126,2516
2126,3529
2126,1859
2126,655
1352,386
1352,1354
1352,577
1352,576
1573,1572
1573,58
1573,601
1573,1554
1733,239
1733,621
2782,2774
2782,2788
2782,95
2782,2779
3565,3566
3565,111
1968,1969
1968,2005
1968,1967
1968,109
2622,2621
2622,515
2622,2623
2622,66
2732,2733
2732,2731
2732,3579
2732,118
3567,325
3567,2382
3567,326
3567,3568
4714,4749
4714,4908
4714,3316
4714,4715
4714,817
4714,4743
560,3547
560,3548
560,221
560,1240
655,2126
655,1859
655,2516
655,638
655,3705
655,3706
1938,1937
1938,180
1938,1939
1938,62
2139,2138
2139,1727
2139,2140
2139,304
4971,4951
4971,3827
4971,4972
4971,4975
2387,2384
2387,442
2387,92
2387,700
2845,2846
2845,767
2845,67
2845,267
3179,3180
3179,155
3179,3819
3179,3176
3179,3174
4920,276
4920,4921
4920,4752
602,1579
602,399
602,82
602,1564
602,1562
2397,190
2397,707
2397,2396
2397,2365
4925,4924
4925,4779
4925,4774
4925,4769
4925,4696
4925,4719
382,1284
382,1285
382,1286
382,1287
382,168
382,19
4093,3866
4093,3832
22,871
22,3502
22,117
22,449
22,2482
22,2481
22,711
22,442
22,92
1347,1346
1347,386
1347,576
1347,575
3659,3514
3659,3660
3659,1399
3659,387
4771,4773
4771,4726
4771,4765
4771,4770
1575,58
1575,1587
1925,1926
1925,1927
1925,62
2160,427
2160,666
2160,425
2507,144
2507,450
1274,1275
1274,3552
1350,78
2692,2688
2692,118
2692,2693
2692,2687
60,723
60,258
60,3706
60,3707
60,3708
60,1847
60,331
217,972
217,526
217,524
217,954
217,523
217,948
217,949
217,973
217,284
666,427
666,185
666,312
666,2160
666,425
1553,1554
1553,601
1553,1552
3761,3760
3761,3003
3761,3762
3761,2923
1660,405
1660,5
1660,1663
1660,1653
62,1925
62,1927
62,1928
62,1929
62,1930
62,1933
62,1934
62,1935
62,1936
62,1937
62,1938
62,136
399,1579
399,82
399,602
544,1052
544,1051
544,1050
1613,3694
1613,38
1613,31
2446,2461
2446,2459
2446,2448
2446,443
2446,257
2446,2445
138,3396
138,3393
138,101
138,2074
138,87
138,648
526,216
526,217
526,972
1055,1056
1055,35
1055,1054
1526,3513
39,406
39,623
39,13
39,1739
39,1741
39,239
39,621
296,29
296,582
296,390
621,239
621,39
621,13
621,1733
621,1725
1356,1355
1356,1358
1356,1357
1356,577
1995,1996
1995,2013
1995,1994
1995,2003
4951,3844
4951,3827
4951,4971
4951,4973
4951,4974
4974,4973
4974,4951
4974,4975
4974,4968
676,2218
676,2225
676,678
676,112
676,2208
3688,3687
3688,279
3688,1486
3688,171
4847,4850
4847,4851
4847,4846
4847,4737
1725,621
1725,13
1756,457
1756,1768
1756,1767
1756,628
1756,626
1756,193
2047,416
2047,2072
2047,87
2047,2035
2396,2397
2396,707
2396,3735
2396,2364
3161,3160
3161,71
3161,3162
3161,497
3354,508
3354,3357
3354,3355
3354,832
577,1352
577,1355
577,1356
577,1351
577,576
577,1348
1445,29
1445,1452
1445,1444
1445,390
2292,15
2292,692
264,95
264,195
264,151
264,2757
264,471
3766,3765
3766,3003
3766,3767
3766,2923
4935,4786
4935,4808
4935,4708
4935,4937
335,2708
335,2712
335,336
335,2737
335,2736
335,2707
335,2714
335,2630
335,2631
2645,2644
2645,260
3855,3929
3855,3947
3855,3828
3855,3871
3855,3842
3855,3926
3855,3927
48,3660
48,3661
48,3662
48,3665
48,3666
48,30
48,1441
48,1447
48,79
48,132
48,1399
1452,29
1452,1455
1452,1453
1452,1445
3457,3456
3457,2108
3457,2110
3506,3505
3506,5
3506,3699
3506,3700
3506,7
3853,3903
3853,3919
3853,3918
3853,3841
3853,3904
3853,3899
64,311
64,247
299,1581
299,1582
299,300
299,1583
299,1577
299,1568
299,1569
299,1578
299,603
1247,1258
1247,222
3580,3579
3580,2718
3580,2719
3580,467
3580,118
112,4
112,2234
112,2218
112,676
112,2208
112,91
112,672
441,2377
441,2402
441,2400
441,2399
441,190
441,142
2672,2671
2672,2683
2672,2673
2672,2661
3324,3325
3324,100
3324,3323
3324,3593
4784,4786
4784,4783
4967,3844
4967,4973
4967,4968
4967,4966
25,24
25,868
25,3435
25,3450
25,509
25,850
2041,2042
2041,2043
2041,2040
2041,2026
4774,4779
4774,4773
4774,4925
4820,4698
4820,4831
4820,4815
4820,4821
319,2247
319,318
1791,635
1791,2147
1791,241
1791,633
3165,3164
3165,3166
3523,780
3523,3524
3523,3779
3523,3780
3749,200
3749,2923
3749,3750
3749,119
3749,3519
4783,4784
4783,4786
4783,4782
4783,4781
4963,4965
4963,4966
4963,4962
4963,4964
4965,3986
4965,4963
4965,4948
20,2063
20,2062
20,2061
20,182
20,1999
20,414
20,244
20,646
20,642
20,2000
20,306
191,443
191,2453
191,2449
191,3572
191,3573
191,3574
191,707
191,3501
191,190
191,2399
191,2400
191,2401
1579,399
1579,602
2774,3741
2774,3742
2774,2787
2774,2773
2774,2779
2774,2782
2774,2768
3667,3516
3667,3668
3667,30
3667,3666
4779,4778
4779,4731
4779,4774
4779,4925
4961,4966
4961,3878
4961,4968
4961,4960
4961,4962
4968,4967
4968,4974
4968,4969
4968,4961
427,14
427,185
427,2160
427,666
427,2158
1760,1759
1760,1764
4193,1058
4193,543
2026,2025
2026,2041
2026,2027
2026,2013
216,966
216,970
216,964
216,963
216,962
216,524
216,955
216,961
216,958
216,526
641,1973
641,2001
641,2002
641,413
641,109
2063,182
2063,2064
2063,2062
2063,20
2437,279
2437,445
2437,2413
2437,3690
3692,279
3692,3690
3692,30
3692,440
3692,3691
634,1790
634,241
634,108
634,1773
634,1772
804,497
804,3163
804,3164
1685,1686
1685,107
1685,3557
1685,1684
2247,189
2247,319
2769,2768
2769,2773
2769,95
2769,2759
4161,3835
4161,4162
4161,4159
4929,4931
4929,4700
213,125
213,73
213,834
213,4701
213,3796
1357,1356
1357,1358
1357,78
1357,1351
2174,3723
2174,3724
2174,3721
2174,3722
2174,2162
2495,10
2495,329
2820,2819
2820,2824
2820,96
2820,2815
3907,3906
3907,3908
3907,3900
4731,4823
4731,4712
4731,4778
4731,4779
260,745
260,333
260,2669
260,2670
260,2661
260,2635
260,744
260,2634
260,2645
260,2644
336,2738
336,470
336,2762
336,2761
336,2760
336,2737
336,2740
336,335
336,2712
2402,2403
2402,2401
2402,441
2402,2377
3631,3627
3631,3629
3631,3632
3631,1065
3631,1059
3880,3828
3880,3836
3880,3992
3880,3990
4163,4098
4163,3865
4163,4164
4163,3827
4163,4088
4833,4832
4833,4843
4833,4834
4833,4730
1290,1311
1290,1310
1290,3549
1290,168
2459,2467
2459,448
2459,2448
2459,2446
4703,4696
4703,4719
4703,4768
4703,4763
4703,4762
4703,4753
3564,3563
3564,63
3564,6
3564,2007
558,3548
558,1251
558,1241
558,221
1315,1548
1315,596
1315,1314
1315,1316
1328,3554
1328,130
1328,1327
1328,129
1915,3504
1915,1916
1915,86
1915,1913
2699,118
2699,467
2699,2698
2699,2700
3066,3067
3066,3084
3066,3065
3066,3003
3162,3161
3162,71
3162,3163
3162,497
220,3827
220,1116
220,28
220,3851
953,954
953,949
1873,3530
1873,1874
1873,61
1873,1872
3815,3806
3815,3807
3815,3369
3815,3370
450,2507
450,144
450,1926
450,3504
607,135
607,4
1673,1674
2685,2686
2685,748
2685,2671
2685,2669
3537,3538
3537,2548
3537,2549
3537,2547
3546,3545
3546,45
3450,25
3450,3451
3687,1516
3687,3688
3687,874
143,246
143,1982
143,180
143,144
1581,1580
1581,1582
1581,299
1581,82
1939,1938
1939,180
1939,1940
3748,68
3748,200
3748,482
3748,3747
4031,3883
4031,3849
4031,4032
4031,4150
4782,4783
4782,4936
1778,1779
1778,304
1778,1777
1778,725
3104,3105
3104,3107
3104,120
3104,159
4035,3881
4035,4159
4035,3830
885,884
885,365
885,886
885,514
1554,1555
1554,1573
1554,1553
2816,3
2816,2819
2816,2815
2816,2806
3747,68
3747,3748
3747,2874
3747,482
3747,2875
4,607
4,135
4,65
4,140
4,3725
4,3726
4,404
4,112
4,672
4,1640
38,320
38,3697
38,3698
38,31
38,1607
38,1613
38,3693
38,3694
56,1078
56,1067
56,3634
56,3633
56,2557
56,45
56,3545
56,3803
1999,20
1999,414
1999,1998
1999,2001
2042,244
2042,646
2042,2041
2042,2025
2066,137
2066,2075
2066,2067
2066,2065
746,2679
746,41
746,2677
1058,1059
1058,1065
1058,1057
1058,4193
1478,1482
1478,3685
1478,1477
2677,2676
2677,746
3577,3578
3577,26
3926,3925
3926,3855
3926,3927
3926,3919
1248,1253
1248,1255
1248,222
1248,1249
1636,1637
1636,315
1636,1635
1636,403
2690,2701
2690,261
2690,2689
3508,3507
3508,1825
3508,1824
3508,1823
3508,1822
3508,1821
3690,279
3690,2437
3690,440
3690,3692
3982,3829
3982,3987
3982,4948
3982,3876
4097,3866
4097,3840
1284,1283
1284,1285
1284,382
1284,19
1536,593
1536,1336
1536,1537
4078,3840
4078,4077
4078,3886
4186,284
4186,941
4186,942
4186,4187
4186,4167
4186,4168
4738,4869
4738,4876
4738,4877
4738,4875
4738,4867
4738,4859
4738,4860
4738,4858
1665,1671
1665,1669
1665,1666
1665,1664
1792,1793
1792,2144
1792,635
1792,1788
2334,2333
2334,2336
2334,2335
2334,439
3351,3358
3351,836
3351,4697
3588,3587
3588,70
3745,197
3745,3746
3745,2843
3745,97
1509,1507
1509,588
1589,1599
1589,1600
1589,1590
2232,2230
2232,2226
2232,2227
2232,112
387,3513
387,1399
387,3659
387,132
387,578
387,105
509,850
509,25
509,3435
509,3406
927,282
927,55
2693,2692
2693,2694
2693,2686
2693,745
3037,3036
3037,3039
3037,2957
3842,3927
3842,3855
3842,3871
3842,3956
3842,3955
3842,3928
3842,3948
3842,3917
3842,3916
3842,3915
1067,35
1067,1078
1067,1068
1735,13
1735,1736
1735,1724
2145,2144
2145,3559
2145,2146
2145,635
3586,3585
3586,3116
3586,204
3586,3108
4878,4877
4878,4702
4878,4741
4878,4867
3197,4700
3197,3266
3197,3787
3197,3788
3197,3193
3197,3192
356,154
356,794
356,3587
356,3130
356,791
1544,1545
1544,1280
1544,293
1674,235
1674,236
1674,1673
1674,1672
2873,2874
2873,2878
2873,3583
2873,767
3409,850
3409,849
468,2704
468,2721
468,2728
468,756
468,41
468,262
2298,2297
2298,32
2298,37
3168,71
3168,807
3168,3169
3168,3167
4821,4698
4821,4820
4821,4815
4821,4786
1777,1778
1777,1787
1777,1776
1777,2541
1867,3529
1867,1868
1867,638
1867,1860
3616,366
3616,54
3616,3615
4786,4727
4786,4698
4786,4932
4786,4933
4786,4821
4786,4815
4786,4808
4786,4935
4786,4936
4786,4937
4786,4784
4786,4783
3039,3040
3039,3038
3039,3037
4826,4705
4826,4827
4826,4823
4826,4824
29,1441
29,3673
29,3674
29,3675
29,80
29,297
29,296
29,390
29,1445
29,1452
29,1455
29,582
29,79
1670,5
1670,235
1670,1669
1670,1671
3479,3478
3479,3471
3479,3480
3732,252
3732,3733
3732,3517
3732,3731
3901,3900
3901,3908
31,1613
31,38
31,2299
31,1614
31,37
3826,3805
3826,2299
135,315
135,65
135,4
135,607
1821,1822
1821,3508
2134,619
2134,2135
2134,3831
3609,3480
3609,3472
3609,3471
3609,3610
3609,3501
3609,3574
948,217
948,949
948,947
948,523
1056,1057
1056,35
1056,1055
1056,543
1201,9
1201,1204
1201,4162
1201,3835
1635,1636
1635,315
1635,403
2797,3
2797,2805
2797,2798
2797,3742
3323,3324
3323,100
3323,3322
3323,3594
4861,4860
4861,4867
4861,4713
4861,4927
966,968
966,965
966,216
966,970
3441,3606
3441,862
3441,3534
3441,89
3486,445
3486,3487
109,1940
109,180
109,641
109,1973
109,413
109,1972
109,1971
109,1970
109,1969
109,1968
109,305
109,1810
109,1960
156,3792
156,3794
156,3797
156,3798
156,819
156,3328
2163,2162
2163,3721
2163,3719
381,19
381,168
381,1264
381,1257
381,1261
381,1260
381,1262
381,1256
1752,193
1752,625
1752,1750
3449,3448
3449,868
3449,24
15,2290
15,2291
15,692
15,2292
15,2296
15,32
4975,4974
4975,4971
4975,4976
4975,4969
1349,1348
1349,1351
1349,78
1349,574
2552,2551
2552,3539
2552,2553
2552,35
3992,3828
3992,3880
3992,3990
3992,3972
149,66
149,738
149,465
149,7
149,459
1346,134
1346,386
1346,1347
1346,1345
1566,82
1566,1578
1566,1567
1566,396
1708,83
2466,446
2466,447
2466,2463
2466,2465
54,3614
54,3615
54,3616
54,2613
54,2612
54,332
54,2584
54,2595
54,150
54,2598
54,160
54,902
54,901
744,260
744,2660
744,2659
744,2658
744,2634
2403,257
2403,2401
2403,2402
2403,2404
2403,2405
3584,3583
3584,769
3584,2870
3584,67
91,672
91,112
91,2208
91,188
866,3447
866,3448
866,24
1494,80
1494,1495
1494,3685
1494,1481
1918,1919
1918,1920
1918,1924
1918,136
1918,86
3613,896
3613,366
3613,3614
3613,160
3795,73
3795,3796
3795,504
4827,4737
4827,4846
4827,4712
4827,4826
726,2541
726,1776
726,1775
726,1769
726,457
3453,861
3453,3605
4192,28
4192,34
4192,4200
77,566
77,129
77,1268
77,298
77,1543
77,1324
77,55
77,1322
77,924
1278,566
1278,1268
4077,4078
4077,3840
4077,4076
4077,3839
4069,4068
4069,4074
4069,3863
4069,4064
4088,3865
4088,4163
4088,3827
4088,4083
4141,3867
4141,4145
4141,3831
4141,4137
4141,3894
4141,4156
4768,4719
4768,4767
4768,4763
4768,4703
575,1345
575,1347
575,576
575,1344
575,573
575,1341
1242,1241
1242,1243
3706,3705
3706,655
3706,638
3706,3707
3706,60
1942,1941
1942,6
1942,1808
1942,175
2453,2455
2453,3572
2453,191
2453,2449
4696,4736
4696,4705
4696,4924
4696,4925
4696,4719
4696,4703
4696,250
4721,4852
4721,4853
4721,4872
4721,4873
4721,4871
4721,4698
4721,4845
4721,4830
568,129
568,1327
568,1326
568,1325
568,298
3112,489
3112,153
3560,3559
3560,13
3560,241
3560,2146
3560,2147
3702,3701
3702,3562
3702,94
2738,2739
2738,470
2738,336
2738,2711
3107,3105
3107,3110
3107,204
3107,3104
65,52
65,316
65,3725
65,4
65,135
65,315
380,1230
380,556
380,167
380,1231
832,508
832,3354
832,3355
832,507
832,100
2494,3462
2494,3461
2494,421
2494,2493
3185,272
3185,155
3185,3180
4850,4847
4850,4737
4903,4907
4903,4904
4903,4882
2168,615
415,2052
415,2051
415,2065
415,2067
415,2068
415,2069
415,2037
415,416
415,63
1059,3627
1059,3631
1059,1058
1351,577
1351,1357
1351,78
1351,1349
1369,294
1369,1362
1978,2114
1978,1980
1978,245
1978,653
2071,2070
2071,307
2071,2072
2071,416
2141,2140
2141,2142
2141,304
3114,786
3114,69
3114,3115
3114,3109
3904,3853
3904,3917
3904,3905
3904,3841
4743,4714
4743,4710
4743,4891
347,3032
347,119
347,3047
347,3044
347,353
347,3035
347,3042
347,485
347,2957
347,3509
347,3510
2337,141
2337,2348
2337,2336
2337,2333
2705,467
2705,469
2705,2704
2705,2703
3321,3322
3321,100
3321,3320
3321,4930
4143,3867
4143,148
4143,4144
2915,3510
2915,342
326,2382
326,2391
326,707
326,113
326,3567
326,3568
1486,3688
1486,1490
1486,30
1486,171
1909,1910
1909,3710
2007,3564
2007,6
2007,640
2027,2026
2027,2040
2027,2028
2027,2022
2405,257
2405,2403
2405,2404
2405,2406
2657,2658
2657,2676
973,217
973,284
3301,3793
3301,819
3754,3753
3754,3027
3754,3782
3754,3750
3754,3752
1988,1987
1988,306
1988,1989
1988,180
2335,2334
3291,3292
3291,3594
3291,3290
3291,3790
3711,1888
3711,1891
3711,3712
3271,502
3271,3296
3271,3789
3271,4699
3695,1614
3695,37
3695,3696
449,117
449,2491
449,2490
449,2482
449,2483
449,22
2712,2711
2712,336
2712,335
2712,751
2712,2708
3100,3103
3100,204
3100,781
3100,120
946,947
946,951
946,944
946,942
1595,300
1595,400
3393,101
3393,138
4127,4138
4127,4155
4127,4156
4127,4132
4127,3832
965,1235
965,964
965,966
2843,3745
2843,3746
2843,480
1262,19
1262,381
1262,1256
1262,1254
2033,2034
2033,87
2033,2032
2033,6
2070,2069
2070,307
2070,2071
2070,416
2443,2465
2443,2463
2443,2445
2443,257
2443,444
2443,2441
2730,2731
2730,2729
2730,2717
2730,3579
50,1887
50,1892
50,1893
50,1898
50,1899
50,1904
50,86
50,1906
50,1888
50,1891
50,1894
50,1897
50,1900
50,1903
50,3805
284,973
284,217
284,523
284,942
284,4186
284,4168
2735,2736
2735,263
2735,2734
2735,2714
3894,4137
3894,4141
3894,3831
3894,4133
3894,4166
3928,3842
3928,3948
4030,4150
4030,4032
4030,3830
4030,4026
4948,3982
4948,4965
4948,3986
4948,4964
4948,4954
4948,3876
794,356
794,154
1312,597
1312,598
1312,1288
1312,1286
1558,603
1558,1568
1558,1559
2675,2674
2675,2680
2675,2676
2675,2658
2881,481
2881,2888
2881,2868
2881,769
2881,2869
4966,4967
4966,4961
4966,4963
185,14
185,312
185,427
185,666
400,1595
400,1580
400,1594
400,82
906,3540
906,127
906,2556
2612,2613
2612,2631
2612,2611
2612,54
1888,50
1888,1891
1888,3711
1984,1983
1984,306
1984,1985
1984,180
2017,2016
2017,2024
2017,2013
2017,2014
4165,3832
4165,4166
4165,3831
4165,4104
1316,595
1316,1315
1316,1283
1316,1282
1337,130
1337,385
2076,182
2076,183
2296,15
2296,32
2296,2297
4699,4884
4699,4710
4699,4899
4699,818
4699,502
4699,3271
4699,3789
4699,4875
4699,4702
4699,4706
4699,4739
4699,4870
4699,4869
203,3085
203,780
203,3773
203,3774
203,3775
4032,4031
4032,4039
4032,3881
4032,4030
653,2497
653,2114
653,1978
653,245
653,3737
745,2668
745,2687
745,2693
745,2686
745,260
745,2669
745,333
2829,2828
2829,2832
2829,96
2829,2824
3717,89
3717,3718
3717,419
3819,3822
3819,3820
3819,3179
556,1229
556,1226
556,1224
556,1227
556,1223
556,380
556,167
901,160
901,54
901,902
3715,10
3715,3716
3715,2086
3938,3856
3938,3941
3938,3939
3938,3942
129,1541
129,395
129,1328
129,3554
129,77
129,298
129,568
129,566
205,4753
205,801
205,3150
205,98
871,117
871,22
871,3502
1535,592
1535,593
2554,2553
2554,3540
2554,2555
2554,35
3488,279
4930,3594
4930,3321
4930,3320
4930,4931
4930,4906
4930,3290
672,4
672,112
672,91
672,404
1643,405
1643,1650
1643,1642
1886,3532
1886,1887
1886,3805
1886,1883
2019,2013
2019,2022
2019,2020
2019,2012
3598,3597
3598,3792
3598,4697
4075,3886
4075,3839
1822,1823
1822,3508
1822,1821
1822,1812
3040,3041
3040,488
3040,3039
3040,3036
3478,3479
30,171
30,1486
30,1490
30,3667
30,3668
30,3691
30,3692
30,440
30,93
30,3673
30,3674
30,3675
30,3676
30,3679
30,3680
30,48
30,1447
95,2759
95,2769
95,2773
95,2779
95,2782
95,195
95,2757
95,264
95,756
1537,1536
1537,571
2635,260
2635,2634
3595,3806
3595,3596
3595,101
3746,197
3746,480
3746,2843
3746,3745
3934,3935
3934,4151
3934,3933
3934,3847
89,857
89,870
89,277
89,3441
89,3605
89,3606
89,3533
89,3717
89,3718
89,88
89,419
576,1347
576,1352
576,577
576,1348
576,575
576,1344
1668,1669
1668,235
1668,1666
3876,3981
3876,3982
3876,4948
3876,4954
3876,3976
3876,3977
3921,3922
3921,3924
3921,3920
4152,4151
4152,3828
4152,3946
4152,3933
4152,3932
4152,3931
4822,4712
4822,4698
4822,4726
4822,4780
4874,4723
4874,4698
652,2113
652,2084
652,329
1560,1567
1560,603
1560,1559
1560,1561
2861,2870
2861,2868
2861,268
2861,477
2861,67
3768,3767
3768,3003
3768,2969
3768,2923
3988,3859
3988,3829
4946,4953
4946,4954
4946,4964
4946,4955
4946,4956
4946,4947
4946,4945
707,191
707,3501
707,3502
707,2431
707,2391
707,2396
707,2397
707,113
707,190
707,326
707,3735
707,3736
1903,50
1903,1907
1903,3710
1903,1900
2847,2848
2847,767
2847,2846
2847,267
2849,16
2849,68
2849,2848
2849,2840
120,3100
120,781
120,782
120,3103
120,3082
120,3077
120,3078
120,3079
120,3080
120,3081
120,3076
236,1675
236,1676
236,1684
236,3557
236,3558
236,235
236,1674
748,2694
748,2695
748,2696
748,2684
748,2686
748,2685
751,2710
751,2711
751,2712
751,2708
751,332
1259,1261
1259,1258
71,4708
71,4797
71,3167
71,3168
71,807
71,272
71,805
71,3160
71,3161
71,3162
71,3163
101,3595
101,3596
101,275
101,3393
101,138
1311,598
1311,599
1311,1290
1311,1288
1770,1769
1770,630
1770,629
1770,1768
2075,137
2075,3604
2075,307
2075,2066
2484,2483
2484,2485
2484,2479
2484,2481
2671,2685
2671,2684
2671,2672
2671,2670
2048,87
2048,648
2258,140
2258,3726
3192,3191
3192,3197
3192,3193
1633,52
1633,1638
2106,3455
2106,3456
2106,870
2106,88
2106,2108
2260,52
2260,675
2448,2459
2448,2457
2448,2449
2448,443
2448,2446
303,240
303,622
303,1737
303,13
472,2760
472,2765
472,3
472,263
472,2740
472,2741
964,965
964,963
964,216
1686,1688
1686,107
1686,1685
1686,613
2639,2636
2639,2642
2639,2638
2744,2742
2744,3
2744,2745
2744,2729
4942,4702
4942,4943
4942,4882
4942,4883
723,3705
723,60
723,258
783,204
783,3108
783,3102
783,3101
892,3578
1812,148
1812,1822
2010,2011
2010,63
2010,2009
2010,1992
4769,4925
4769,4773
4769,4770
4769,4719
262,2696
262,2697
262,2703
262,2704
262,468
262,41
262,2684
262,2683
262,2682
1370,105
1370,578
1370,12
1370,231
2069,2068
2069,307
2069,2070
2069,415
2406,257
2406,2405
2406,142
2406,2367
2695,2700
2695,2698
2695,2696
2695,748
3966,3967
3966,4153
3966,3965
3966,3959
1325,568
1325,298
3814,3807
3814,3817
3814,839
3814,359
3700,3506
3700,5
3700,405
3700,3699
78,1349
78,1351
78,1357
78,1358
78,1362
78,294
78,1350
78,574
78,385
78,1342
457,726
457,1769
457,1756
457,1768
457,193
1116,28
1116,220
1249,1250
1249,1248
1249,1243
1249,1241
1882,3532
1882,1883
1882,3805
1882,1880
3181,3182
3181,3180
3181,3173
3181,3171
3325,100
3325,3324
3325,3593
3617,3618
3617,26
3617,127
3701,3561
3701,3702
3701,94
3862,4052
3862,290
3862,3835
3862,3849
601,1573
601,58
601,1553
601,1552
2676,2675
2676,2679
2676,2677
2676,2657
3522,3524
3522,3050
3522,352
3522,3027
3522,3028
3522,119
3522,3781
3522,3782
3525,7
3525,3526
3525,366
3525,898
675,2260
675,435
675,52
675,2263
1898,3503
1898,1899
1898,50
1898,1893
2848,2849
2848,2859
2848,2847
2848,2841
98,205
98,801
98,3151
98,790
98,154
98,69
98,3121
444,2433
444,2441
444,2443
444,257
444,93
848,3405
848,307
1606,1
1606,3697
1606,1607
1606,1605
1936,1935
1936,180
1936,1937
1936,62
2467,447
2467,448
2467,2459
2467,2461
4817,4815
4817,4730
4817,4720
4817,4816
140,2258
140,3726
140,318
140,4
268,481
268,2868
268,343
268,197
268,477
268,2861
502,818
502,4750
502,3271
502,3296
502,4699
4867,4738
4867,4878
4867,4864
4867,4861
2072,2071
2072,307
2072,87
2072,2047
3049,3050
3049,352
3049,3032
3049,119
3492,874
3492,171
3492,3683
3806,3816
3806,3815
3806,3370
3806,3595
3806,3596
173,32
173,2272
173,49
1963,1962
1963,640
1963,1964
1963,305
3733,252
3733,3734
3733,3518
3733,3732
3801,3414
3801,3802
3801,42
3802,3423
3802,3800
3802,42
3802,3801
3865,3840
3865,4098
3865,4088
3865,4163
3865,4085
3865,4084
1507,142
1507,588
1507,1509
1507,1499
3547,19
3547,3548
3547,560
3759,3003
3759,3760
3759,2923
4862,4713
4862,4863
4862,4700
4862,155
2020,2019
2020,2022
2020,2028
2020,63
2020,2011
2763,2776
2763,2764
2763,470
3629,34
3629,3630
3629,3631
3629,3632
3629,3627
1072,45
1072,373
1669,1670
1669,235
1669,1668
1669,1665
2092,88
2092,419
2092,3716
2092,10
3719,2163
3719,3721
3719,3720
3719,21
419,88
419,89
419,3717
419,2092
419,3716
2307,53
2307,320
3032,3049
3032,3047
3032,352
3032,347
3032,119
3322,3323
3322,100
3322,3321
3322,3594
4832,4698
4832,4706
4832,4833
4832,4843
4832,4831
4969,4968
4969,4975
4969,4970
4969,4960
1642,1643
1642,1650
1642,1652
1642,751
1642,332
1642,366
1711,83
3157,3158
3157,3160
3157,497
3157,803
3176,3179
3176,3177
3176,3175
3924,3923
3924,3930
3924,3925
3924,3921
4855,4854
4855,4739
4855,4856
4855,4841
4879,4741
4879,4882
4879,4940
4879,4864
168,382
168,1287
168,1288
168,1290
168,3549
168,3550
168,381
168,1264
168,19
1523,3514
1809,175
1809,1808
1809,1806
1809,1804
2272,32
2272,173
3976,3876
3976,3977
2729,2742
2729,2744
2729,3581
2729,2730
3306,73
3306,504
3829,3860
3829,4059
3829,3839
3829,3827
3829,3982
3829,3987
3829,3878
3829,3844
3829,3859
3829,3988
3829,3981
4933,4727
4933,4786
4933,4932
2012,2013
2012,2019
2012,2011
2012,1994
2413,2437
2413,2436
2413,2435
2413,93
2413,440
2667,261
2667,2688
2667,2668
2667,2663
3696,3695
3696,37
3696,1619
2068,2067
2068,307
2068,2069
2068,415
12,1531
12,590
12,231
12,1370
12,224
12,578
12,131
12,1372
12,134
12,591
563,55
563,223
563,929
2109,2110
2109,2108
2109,88
2109,2093
3830,4016
3830,4024
3830,4025
3830,4026
3830,4030
3830,4035
3830,3881
3830,4013
3830,4027
3830,4029
3830,4017
3830,3828
3830,4158
3931,3932
3931,4152
3931,3930
3931,3923
4837,4836
4837,4840
4837,4733
4837,4728
341,482
341,3519
341,3520
341,481
341,2888
640,1967
640,2007
640,6
640,1962
640,1963
640,1961
1203,1208
1203,9
2550,2549
2550,3538
2550,2551
2550,35
1516,279
1516,3687
1992,1993
1992,2010
1992,1991
1992,643
2868,2869
2868,2881
2868,481
2868,268
2868,2861
749,41
749,334
1637,52
1637,315
1637,1636
1637,1634
2029,2032
2029,87
2029,2030
2029,6
2377,2404
2377,2402
2377,441
2377,142
2649,150
2649,2648
2649,2643
2649,2636
3691,279
3691,3692
3691,30
3691,1490
4201,4200
4201,34
4201,3627
446,3485
446,3484
446,3483
446,2465
446,2466
446,2439
446,2440
1736,13
1736,622
1736,1735
4845,4722
4845,4721
4845,4830
4845,4828
250,4696
250,189
445,3486
445,3487
445,3485
445,2436
445,2439
445,279
445,2437
69,3120
69,489
69,98
69,3118
69,3121
69,490
69,3114
69,3115
69,786
862,3534
862,3441
862,3606
1739,39
1739,240
1739,13
1900,50
1900,1903
1900,3710
1900,1897
2621,2620
2621,2622
2621,66
2969,3768
2969,2968
2969,2946
2969,2923
3922,3847
3922,3923
3922,3921
416,415
416,2070
416,2071
416,2047
416,2037
416,2036
1924,3504
1924,1918
1924,1920
2143,2142
2143,3559
2143,2144
2143,1793
2718,2717
2718,3581
2718,2719
2718,3580
2947,2946
2947,2966
2947,3751
2947,2923
3159,805
3159,3158
3169,3168
3169,807
3169,3170
3169,3166
306,20
306,642
306,1987
306,1988
306,1989
306,1984
306,1985
306,1986
942,284
942,523
942,946
942,941
942,944
942,4186
1827,1828
1827,3507
1827,1826
1827,148
1928,144
1928,1929
1928,62
1928,1927
2706,2716
2706,118
2706,2702
3499,3515
3977,3976
3977,3876
3977,4953
305,109
305,1960
305,1961
305,1962
305,1963
305,1964
305,175
305,1810
504,3306
504,73
504,3795
524,216
524,955
524,954
524,217
692,15
692,2292
692,2291
692,435
2354,2355
2354,92
2354,3518
2354,3734
3462,2494
3462,2492
955,216
955,958
955,957
955,524
1664,1663
1664,1665
3986,3987
3986,3878
3986,4965
3986,4948
1322,77
1322,293
1322,55
2701,2702
2701,118
2701,2690
3027,3782
3027,3522
3027,3028
3027,3754
3946,4152
3946,3828
3946,3947
3946,3930
200,2928
200,2923
200,3519
200,3749
200,68
200,3748
320,53
320,2307
320,38
320,1
320,3698
2226,2230
2226,2227
2226,2232
3080,3079
3080,120
3080,3081
3080,3003
4167,4172
4167,4168
4167,4179
4167,4186
4167,4187
4167,4170
189,250
189,2247
1556,397
1556,1571
1556,1555
1774,1775
1774,633
1774,630
1774,1769
1802,1803
1802,1805
2485,2489
2485,2487
2485,328
2485,2484
4174,4175
4174,161
4174,4182
4174,3883
4174,4179
127,906
127,2556
127,3617
127,26
127,907
127,35
127,3634
175,305
175,1944
175,1943
175,1941
175,1942
175,1965
175,1946
175,1945
175,1803
175,1804
175,1809
1555,1556
1555,1572
1555,1554
2208,91
2208,112
2208,676
3562,3561
3562,331
3562,3702
3947,3946
3947,3828
3947,3855
3947,3929
926,282
1283,1316
1283,1314
1283,1284
1283,19
1870,638
1870,61
4150,4169
4150,4181
4150,4182
4150,3883
4150,4031
4150,4015
4150,4016
4150,4024
4150,4025
4150,4026
4150,4030
4150,4149
3566,3565
3566,59
3566,111
4870,4739
4870,4699
4870,4869
4870,4856
4187,4186
4187,4175
4187,4179
4187,4167
424,14
424,2158
1597,1602
1597,172
1597,1593
1805,1804
1805,1806
1805,1802
2497,2496
2497,329
2497,653
2497,3737
3408,850
3408,849
3614,366
3614,3615
3614,160
3614,54
3614,3613
3682,93
3682,2408
3682,2367
3682,3681
3446,3800
3446,3607
3446,42
465,738
465,2624
465,7
465,149
1251,19
1251,1250
1251,1241
1251,558
1532,591
1532,134
1532,1534
2324,438
2324,2325
2324,141
2324,2321
2806,3
2806,2816
2806,2807
2806,2805
3003,3067
3003,3068
3003,3081
3003,3080
3003,3079
3003,3078
3003,3077
3003,3076
3003,3066
3003,3065
3003,3773
3003,3774
3003,3775
3003,3776
3003,3779
3003,3780
3003,2968
3003,3759
3003,3760
3003,3761
3003,3762
3003,3765
3003,3766
3003,3767
3003,3768
3038,488
3038,3039
4723,4874
4723,4706
4723,4698
332,2708
332,751
332,2613
332,2630
332,54
497,803
497,3157
497,3161
497,3162
497,804
555,167
555,9
555,554
1628,49
1628,52
3587,70
3587,3588
3587,356
3587,3130
1317,1318
1317,595
1317,1282
1317,1280
3908,3907
3908,3914
3908,3910
3908,3901
4073,4074
4073,4072
4073,4070
4073,3863
1703,1705
1703,59
1703,1699
1703,613
3831,4104
3831,3894
3831,4141
3831,4165
3831,4166
3831,2134
3831,2135
3831,2136
3831,2137
3831,456
3831,304
3831,3827
4051,290
4051,9
4051,3835
4051,4052
6,640
6,63
6,2007
6,3564
6,2036
6,2035
6,2034
6,2033
6,2032
6,2029
6,2030
6,2031
6,1964
6,1965
6,1946
6,1945
6,1944
6,1943
6,1941
6,1942
6,1808
6,1807
42,3800
42,3801
42,3802
42,3447
42,3446
42,3607
42,3608
42,24
515,2622
515,2623
4027,3830
4027,4029
4027,4017
294,131
294,1362
294,1369
294,78
294,1358
3550,3549
3550,3551
3550,1275
3550,168
3550,1264
3651,3649
3651,3650
3651,3652
3651,1210
3773,3065
3773,203
3773,3774
3773,3003
1234,557
1234,1235
2734,2735
2734,263
2734,2733
2734,2715
2837,2836
2837,2838
2837,267
2837,2833
3956,3871
3956,3959
3956,3955
3956,3842
214,3404
214,3403
214,3402
214,3401
214,3400
214,3399
214,3398
214,3397
2053,2054
2053,137
2053,2052
2053,63
3396,138
3396,87
3556,3555
3556,32
3556,1621
3556,922
3556,921
4808,4786
4808,4816
4808,4708
4808,4935
592,134
592,1340
592,1535
1666,1665
1666,1668
1666,2763
3082,120
3082,3083
3082,3068
3816,3807
3816,3806
2137,2136
2137,620
2137,2138
2137,3831
2661,2670
2661,2672
2661,2660
2661,260
3844,3829
3844,3827
3844,4951
3844,4967
3844,4973
3844,3878
3662,3515
3662,3665
3662,48
3662,3661
1591,58
1591,1599
1591,1590
1591,1587
1996,1997
1996,2014
1996,1995
1996,413
3553,571
3553,3554
3553,395
3553,1540
3994,4149
3994,3995
3994,4157
3994,3970
4016,4150
4016,4024
4016,3830
4016,4015
183,2064
183,2076
183,3397
183,137
183,2062
183,2061
183,2060
183,2059
183,2058
183,2057
438,3517
438,2325
438,2321
438,2324
438,437
438,2317
1229,1244
1229,222
1229,556
1229,1230
2807,2806
2807,2815
2807,96
2807,2804
14,424
14,427
14,185
14,2158
14,184
14,2156
2135,2134
2135,619
2135,2136
2135,3831
2480,2481
2480,2479
3886,4078
3886,3839
3886,4075
2333,141
2333,2337
2333,2334
2333,439
3047,352
3047,353
3047,347
3047,3032
3101,3102
3101,783
3101,782
3660,3514
3660,3661
3660,48
3660,3659
1880,3532
1880,1882
1880,3805
1880,1879
3824,155
3824,3822
1482,80
1482,1481
1482,1478
1482,1476
1808,1942
1808,6
1808,1807
1808,1809
3123,154
3123,791
3154,3156
3154,3175
3154,70
3726,3725
3726,2258
3726,140
3726,4
4883,4702
4883,4942
4883,4882
4883,4741
1810,109
1810,305
2399,2400
2399,191
2399,190
2399,441
2728,469
2728,2751
2728,468
2728,2721
3081,3080
3081,120
3081,3068
3081,3003
3968,3828
3968,3972
3968,3967
3968,3957
4766,4767
4766,4765
4766,4763
134,1534
134,591
134,1532
134,12
134,1345
134,1346
134,386
134,592
134,1340
791,154
791,356
791,3123
1567,1566
1567,603
1567,1560
1567,396
3407,849
3407,3406
1961,1960
1961,640
1961,1962
1961,305
4959,4960
4959,4970
4959,4944
4959,4958
954,524
954,957
954,953
954,217
1455,29
1455,297
1455,1454
1455,1452
1481,80
1481,1494
1481,3685
1481,1482
3326,100
3326,3333
3326,3320
59,616
59,111
59,2169
59,3566
59,615
59,107
59,238
59,1705
59,1699
59,614
59,1703
282,928
282,55
282,927
282,926
818,4715
818,4750
818,502
818,4699
1943,1944
1943,6
1943,1941
1943,175
290,552
290,553
290,9
290,4051
290,4052
290,3862
508,3798
508,832
508,3354
508,100
1078,35
1078,3633
1078,1067
1454,1455
1454,1453
3548,3547
3548,19
3548,558
3548,221
3548,560
3917,3918
3917,3842
3917,3916
3917,3904
1619,3696
1619,37
1619,1620
2619,2618
2619,2620
2619,66
839,3814
839,3818
839,125
839,359
159,153
159,3105
159,3104
159,120
159,891
890,891
890,3003
890,888
1887,3503
1887,1892
1887,50
1887,1886
3,265
3,761
3,2785
3,16
3,2818
3,3743
3,759
3,2797
3,2805
3,2806
3,2816
3,3741
3,3742
3,472
3,263
3,2744
3,2745
3,2746
3,2747
3,2748
3,2742
590,231
590,12
590,1531
913,26
913,66
913,912
3509,119
3509,347
3509,3510
3509,343
3509,3520
4749,4697
4749,3316
4749,4714
4763,4768
4763,4766
4763,4764
4763,4703
79,132
79,48
79,29
79,1441
79,582
79,224
1559,1560
1559,1558
1640,4
1640,404
3961,3960
3961,3965
3961,4154
3961,3954
3961,3952
4943,4702
4943,4907
4943,4882
4943,4942
2652,259
2652,2664
2652,2653
2652,2648
3836,3990
3836,3880
3836,4058
3836,3860
3836,3989
3836,3859
3836,4153
3836,4154
4009,4010
4009,3828
318,319
318,140
887,886
887,888
887,882
2005,643
2005,1991
2005,2006
2005,1968
3120,69
3120,489
19,1266
19,1282
19,1280
19,1283
19,1284
19,382
19,168
19,1251
19,1250
19,1253
19,1254
19,1262
19,381
19,3547
19,3548
477,67
477,2861
477,268
477,97
477,197
477,96
888,889
888,890
888,887
1204,9
1204,3649
1204,1205
1204,1201
2541,725
2541,1777
2541,726
4024,4150
4024,4025
4024,3830
4024,4016
231,1530
231,589
231,105
231,1370
231,12
231,590
1910,1906
1910,1909
1910,1907
2056,2057
2056,137
2056,2040
2056,2043
4830,4845
4830,4721
4830,4698
4830,4829
738,66
738,465
738,149
1338,1339
1338,1341
1338,130
1338,572
1872,3530
1872,1873
1872,61
1872,1871
3653,1306
3653,1304
3653,383
3653,3654
3653,3551
3653,3552
3954,3955
3954,3961
3954,3952
3954,3948
