3693,3654
3693,3653
4000,3999
6581,1992
6581,2015
6581,2068
6581,6587
6581,7176
6581,7186
6581,5573
9124,9035
9124,9118
9124,9135
9124,9117
5230,6716
5230,6717
5230,5237
5230,5277
5230,5220
7200,7201
7200,8826
7200,7199
8472,8307
8472,8541
8472,8542
8472,8490
8472,8494
8472,1891
8472,1892
8472,1898
8659,8658
8659,8654
8659,8667
8808,8096
8808,8809
8808,7503
8808,8807
8812,8811
8812,8593
8970,8972
8970,8969
8970,1074
8970,8967
6887,6812
6887,6800
6887,6829
6889,6831
8112,8114
8112,8113
8112,317
8112,8775
8112,1085
8550,8573
8550,1648
8550,60
1160,516
1160,515
1160,1161
1160,505
6670,6683
6670,1921
6670,9121
6670,9118
6670,9030
6670,9034
7972,7971
7972,7970
8167,8231
8167,8165
6583,9004
6583,3991
6583,3992
6583,1391
6777,1854
6777,6793
6777,6794
6777,6723
6777,1841
6777,6779
7991,1619
7991,1576
8030,6594
8030,8031
8030,6590
8774,7548
8774,1409
8774,1402
8774,1405
197,1984
197,2030
197,2033
197,7240
197,7210
240,1713
240,1082
240,5236
7542,7541
7542,7517
7542,7533
7542,8345
7542,9119
8655,8661
8655,8664
8655,8666
8655,8366
8655,1635
1162,536
1162,535
1162,1163
1162,157
1162,529
2020,2087
2020,1993
2020,1992
4162,7935
4162,4968
4162,4163
4162,4140
123,317
123,1085
123,8775
123,8777
5253,5237
5253,5222
5253,5228
5253,5277
5253,5220
6985,6982
6985,1971
8609,8601
8609,8600
8609,8594
8828,8826
8828,7001
8828,8830
8828,8827
7575,7555
7575,7566
7575,7574
8491,8489
8491,1384
8491,8519
8491,8499
8491,8492
1542,1541
1542,1467
1542,976
1542,4191
1978,6992
1978,2185
1978,6981
1978,1998
1978,9001
7266,1974
7266,2007
7266,7209
7266,7212
7313,7312
7313,7211
7313,7286
7313,7231
7313,1079
8101,1465
8101,1462
8101,1464
9000,4310
9000,8797
9000,8798
9000,4933
9113,9112
9113,9056
9113,9114
9113,9108
976,1467
976,1542
976,1493
976,4373
976,4191
1414,4138
1414,4139
1414,8799
1414,4048
1414,4051
1837,1836
1837,8670
1837,9020
8224,8223
8224,1229
8224,1230
8224,8043
8224,8062
8224,8216
8639,8638
8639,152
8639,8631
8848,8887
8848,8852
8848,8917
8848,8918
8848,8911
8848,8912
8848,8913
9128,1898
9128,9144
9128,9105
9128,9051
9128,7519
4955,4201
4955,4182
4955,4956
4955,8668
6094,6431
6094,106
6094,6451
7217,2136
7217,1983
7217,7210
7217,7209
8973,1621
8973,1578
8973,8835
8973,8974
8973,1572
8075,8083
8075,8061
8075,8066
8075,8068
8075,8048
8919,4923
8919,8289
8919,1794
9026,9027
9026,9023
9026,1730
7971,1576
7971,8363
7971,7972
1093,1092
1093,5105
1093,5046
1093,1094
1093,3654
1209,8855
1209,8869
1209,1208
1245,1247
1245,1248
1245,6622
1245,6617
1245,1218
1245,5365
1245,7998
1245,1226
4969,4968
4969,4171
4969,4970
4969,4163
4988,4987
4988,4293
4988,4843
5457,106
5457,257
5457,6994
5457,6091
5457,5570
5457,5517
7963,7998
7963,7956
9028,1724
9028,9027
521,522
521,526
521,517
1250,6622
1250,1253
1250,4011
2082,1992
2082,2015
3995,3777
3995,3996
3995,3961
3995,3958
4962,4961
4962,4191
4962,4963
4962,4167
5320,5234
5320,5359
5320,5226
5320,5221
1898,8310
1898,8311
1898,8307
1898,8472
1898,9049
1898,9107
1898,9128
1898,9144
1898,1906
1898,1938
1898,9116
1898,9145
1983,1975
1983,2190
1983,2191
1983,2192
1983,1984
1983,7210
1983,2136
1983,7217
5225,5226
5225,5345
5225,5360
5225,5245
5225,6695
5225,5231
5225,5242
8096,8098
8096,8827
8096,8808
8096,8809
8096,6994
8209,8223
8209,8222
8832,8830
8832,1971
8832,7037
8832,7136
8832,8834
8832,8831
1650,1644
1650,1683
1650,7855
1650,7911
1650,3745
2184,2183
2184,1976
2184,1999
2184,2185
2184,6992
5170,5049
5170,5219
5170,5068
5170,5047
7863,1642
7863,1652
7863,1644
8964,8784
8964,1085
8964,8777
8964,5225
8964,5245
9045,9029
9045,9046
9045,1350
1731,1723
1731,1725
1731,1736
4051,4138
4051,7581
4051,7566
4051,1414
4051,4048
4051,7556
7631,7683
7631,1462
7631,7598
7682,5043
7682,7596
7682,7683
7682,8779
1218,1245
1218,5365
1218,1226
1459,1454
1459,1437
1803,1801
1803,8821
1803,4019
1803,1807
7359,1078
7359,7362
7359,7379
8776,8775
9013,4019
9013,9015
9013,8823
3694,3653
3694,3695
7671,7596
7671,1554
7671,7659
8654,8653
8654,7518
8654,8659
7348,7342
7348,7343
7474,7473
7474,3781
7474,8203
8672,242
8672,8690
8672,8668
8672,8671
8672,8677
8672,8770
8672,8771
242,8690
242,8677
242,8672
1457,1444
1457,1436
1457,1458
4863,4215
4863,5038
4863,8523
4863,4168
4863,4195
4970,4969
4970,4171
4970,4164
6665,6664
6665,6666
6665,6619
7287,7231
7287,7233
8519,8491
8519,8492
340,7811
340,1077
340,1714
340,7819
5038,5037
5038,4215
5038,4863
5038,4195
6623,6649
6623,528
6623,157
6623,1162
6992,2068
6992,1992
6992,1993
6992,2182
6992,2183
6992,2184
6992,1998
6992,1978
6992,7186
6992,7187
7001,6993
7001,7207
7001,8123
7001,8828
7286,7211
7286,7233
7286,7231
7286,7313
8311,1898
8311,8310
8981,7549
8981,8252
8981,7548
8981,152
4228,4191
4228,4373
4228,1473
4228,4371
4228,4991
4228,5029
4228,4170
4931,4179
4931,4182
4931,4937
4931,4938
4931,4939
4931,4932
4931,4933
4931,4945
4931,4946
8585,2115
8585,2005
8585,8577
7822,7825
7822,5268
7822,5241
7822,5319
7822,6695
212,8232
212,8205
212,3951
3766,3765
3766,3734
3766,3737
3766,3740
4373,976
4373,1473
4373,4228
4373,4191
6650,1161
6650,505
6650,527
6650,1373
6650,500
7061,6432
7061,7029
7061,6996
7061,1698
7477,1958
7477,7502
7477,7475
7759,5367
7759,67
7759,7762
8080,8081
8080,3739
8080,8069
8829,8827
8829,8830
8829,8831
8829,8809
5043,1482
5043,1545
5043,1546
5043,1547
5043,7596
5043,7682
5043,8989
7878,7879
7878,8561
7878,1685
1545,1546
1545,1482
1545,5043
3765,3739
3765,3734
3765,3766
3765,3740
6964,8670
6964,8669
6964,6980
6964,8604
8082,8081
8082,8069
8082,8061
9038,9029
9038,60
6961,6815
6961,6816
6961,6805
6961,6962
6961,6802
6961,6880
8143,8144
8143,3789
8143,3904
8233,3935
8233,6590
8233,8028
8233,6615
8607,8606
8607,8601
6715,6698
6715,5241
6715,6700
6715,8021
523,559
523,524
523,522
523,516
1635,1636
1635,1576
1635,1630
1854,1891
1854,1895
1854,6793
1854,6777
1854,1841
1896,1892
1896,1895
3699,1094
3699,4944
3699,3700
3699,3698
4182,4474
4182,4201
4182,4179
4182,4305
4182,4310
4182,4931
4182,4945
4182,4955
4182,4956
4182,4957
5036,5035
5036,4952
5036,5037
5036,4183
6802,6880
6802,8800
6802,8801
6802,6961
6802,6962
6802,6799
6802,6953
6802,6954
7751,7715
7751,7684
7751,7752
7931,6841
7931,6807
8798,8797
8798,4946
8798,4933
5236,1713
5236,240
5236,5335
5236,5234
5236,5221
7310,7233
7310,8794
7310,7311
7310,7288
543,555
543,544
543,542
1802,1384
1802,1806
1802,1819
1802,1818
8023,4993
8287,8254
8287,8263
8287,8255
8287,8286
8631,8639
8631,8253
8817,8816
8817,8820
8817,4140
8817,755
7199,7200
7199,8825
7199,7198
7534,9151
7534,7519
7534,7517
7534,7541
8551,7930
8551,7860
8551,8573
8551,8574
3777,3778
3777,3820
3777,3944
3777,3802
3777,3779
3777,3958
3777,3989
3777,3995
3777,3996
3777,8201
3777,8202
3777,3781
3777,3942
3777,3943
3970,3951
8775,8112
8775,8113
8775,66
8775,8776
8775,317
8775,123
1723,8782
1723,1727
1723,1733
1723,1742
1723,1736
1723,1725
1723,1731
1723,301
1971,7037
1971,6982
1971,6985
1971,8832
1971,8834
7925,7927
7925,7856
8081,8080
8081,8082
8671,8672
8671,8771
8671,8669
8984,67
8984,8109
8984,8985
8984,1714
301,8781
301,1723
1084,1083
1084,1085
1084,8784
1911,9042
1911,6683
1911,9030
3779,3802
3779,3824
3779,3783
3779,3933
3779,3934
3779,3935
3779,3996
3779,3997
3779,6614
3779,6615
3779,3777
7879,7856
7879,7878
7879,8561
8787,8792
8787,8840
8787,8789
8787,7758
8787,7777
5219,5218
5219,5068
5219,5170
5219,5049
1572,6834
1572,8973
1572,8974
1572,1606
1572,1599
1698,6431
1698,6432
1698,7061
1698,6996
1698,1696
3859,3787
3859,8149
3859,3778
3859,3785
4934,4933
4934,4272
4934,4932
4934,8977
4934,8979
4934,8820
4934,8991
4967,4171
4967,4429
4967,4968
4967,7935
5031,5028
5031,4993
5031,4994
5031,5032
5031,4184
5067,5068
5067,7598
5067,5041
5067,5047
8254,5041
8254,7598
8254,8263
8254,8286
8254,8287
8254,8284
8254,8285
8663,1571
8663,8662
8663,1314
8918,8917
8918,8965
8918,8848
9116,9123
9116,9145
9116,1898
9116,7519
9116,9150
1972,1997
1972,7216
1972,7212
1972,7209
1972,8810
1972,2115
1972,2005
1972,8577
1972,1981
1972,1976
1972,8971
4843,4932
4843,4987
4843,4988
4843,4293
4843,4243
4956,4955
4956,4182
4956,4957
4956,8668
6666,6665
6666,6667
6666,6619
8114,8112
8114,1085
8492,8499
8492,8491
8492,8519
8492,7933
8492,8513
8492,8494
8963,8962
8963,8961
8963,8849
5517,6089
5517,106
5517,5457
6723,6779
6723,6777
6723,6794
6723,1859
6723,6783
8924,8840
8924,8925
8924,1455
8924,7343
8924,8789
1730,1722
1730,9023
1730,9026
5002,5044
5002,4961
5002,4167
5002,5001
9107,1898
9107,9111
9107,9112
9107,9108
9107,9049
7379,1078
7379,7359
7379,7380
7379,1074
8912,8911
8912,8848
8912,8913
8912,8846
1921,9121
1921,6670
4999,4998
4999,5000
4999,1799
6619,6626
6619,6664
6619,6665
6619,6666
6619,6622
9042,6683
9042,1911
8588,8577
8588,1078
8588,8587
1642,1651
1642,1644
1642,7863
4474,4168
4474,4179
4474,4182
4474,4201
4938,4937
4938,4939
4938,4931
6981,2185
6981,2084
6981,2000
6981,1978
6993,6587
6993,7176
6993,7186
6993,7187
6993,7001
6993,7165
6993,8123
6993,8124
6993,7204
6993,7205
6993,7206
6993,7207
8289,8919
8289,4998
8289,1799
8289,1794
8534,5220
8534,5356
8805,3734
8805,3767
8805,6815
8805,6816
8805,8804
8916,8915
8916,8959
8916,8849
9106,9105
9106,9052
9106,9051
559,558
559,523
559,515
3973,3999
6954,6953
6954,6799
6954,6802
6954,6955
7241,7224
7241,7212
7241,7216
7241,7219
7475,7389
7475,7477
7475,8090
7475,1958
7475,7501
7475,7481
1455,8924
1455,1437
1742,1728
1742,1725
1742,1723
1807,1801
1807,1803
1807,1822
3896,3787
3896,3789
3896,3783
3896,3782
5029,4228
5029,4991
5029,5030
5029,4371
5032,5031
5032,4951
5032,5035
5032,4194
5032,4184
5344,5341
5344,5345
5344,5360
7503,8808
7503,8092
7503,7389
7503,7516
7503,8806
8664,8666
8664,8655
8664,8661
8957,8956
8957,8958
7219,7224
7219,7241
7219,7216
7549,1210
7549,8252
7549,8981
7549,152
8789,8787
8789,8924
8789,5367
8789,7757
8789,7773
516,515
516,523
516,517
516,1160
6959,6803
6959,6960
6959,6805
6959,6899
7716,7684
7716,7715
6089,6452
6089,106
6089,5517
7684,8778
7684,8988
7684,5046
7684,5058
7684,7717
7684,7716
7684,7715
7684,3667
7684,7750
7684,7751
7684,7752
7684,7754
7684,7755
7684,7756
7811,7810
7811,1077
7811,340
7811,7818
8803,8802
8803,6803
1473,4228
1473,4373
1473,4991
4056,7543
4056,66
6713,6699
6713,5237
6805,6816
6805,6899
6805,6959
6805,6960
6805,6898
6805,6811
6805,6961
6805,6962
7481,7475
7481,7479
7481,1212
7481,8589
5210,5207
5210,5217
5210,8284
5210,5211
7717,7684
7717,5046
7717,1092
7717,1046
8546,8547
8546,8553
8546,7914
8546,1640
8546,3743
8561,7878
8561,7879
5242,5226
5242,5358
5242,5225
5242,5231
6841,6813
6841,7931
6841,6807
9114,9113
9114,9056
9114,9108
1046,3667
1046,7717
1046,1092
1046,3662
4183,4194
4183,4218
4183,5036
4183,5037
4183,4200
4183,4195
4183,4232
4994,4993
4994,4951
4994,5031
5228,5220
5228,5253
5228,5222
5228,8490
5228,8489
5228,8531
7911,1650
7911,7855
7911,8547
7911,3745
3743,3745
3743,8546
3743,8547
3743,3734
3743,3739
6667,6666
6667,6620
6667,6622
8022,4184
8022,4194
8022,4218
8022,4271
8956,8965
8956,8957
544,543
544,1163
544,535
1458,1457
1458,1436
1458,1432
1974,1975
1974,8100
1974,2007
1974,7266
1974,7212
1974,7224
8770,8677
8770,8672
8770,8771
8770,8669
746,1175
746,747
746,4140
746,743
1993,2020
1993,2087
1993,1981
1993,1976
1993,2182
1993,1992
1993,6992
5211,5210
5211,8255
5211,8284
5211,8285
5211,5121
7790,7818
7790,7819
7790,7788
7790,7801
7790,7791
7791,7801
7791,7790
7791,7788
8070,6695
8070,1287
9049,1898
9049,9107
9049,9105
3748,3734
3748,1640
3748,6938
3748,3768
4933,4946
4933,8798
4933,4931
4933,4932
4933,4934
5209,5208
5209,5214
5209,5215
5209,5207
7774,8794
7774,8791
7774,7776
7774,7292
7774,7311
7930,8551
7930,7927
8797,4310
8797,4946
8797,8798
3739,8066
3739,8068
3739,8069
3739,8080
3739,3743
3739,3734
3739,3765
3739,3740
7789,7788
7789,7821
7789,1714
7789,1713
9151,9150
9151,7519
9151,7534
9151,9122
522,523
522,525
522,521
522,517
8020,6697
8039,8047
8039,8066
8039,3740
8039,7968
8202,3777
8202,8201
8250,8604
8250,6964
1314,8663
1314,1313
4164,4163
4164,4970
4164,4140
8111,67
8111,8109
8201,3781
8201,3777
8201,8202
8201,8200
8799,1414
8799,133
8799,4048
1644,1642
1644,1652
1644,7863
1644,1683
1644,1650
3950,3958
3950,3961
3950,3969
3950,3951
3950,6626
3950,3990
3950,3991
3950,3992
5360,5359
5360,5344
5360,5345
5360,5341
5360,5225
5360,5226
6793,1895
6793,6794
6793,1854
6793,6777
8591,8806
8591,7516
8591,8592
8591,8370
1079,7231
1079,7313
1079,7367
1079,7351
1079,1078
2084,1999
2084,2000
2084,6981
2084,2185
6960,6959
6960,6803
6960,6805
6960,6898
7201,6423
7201,5573
7201,8826
7201,7200
7228,7209
7228,7210
7228,7229
7228,8810
8307,8541
8307,8472
8307,1898
8972,8971
8972,8577
8972,8967
8972,8968
8972,8969
8972,8970
8972,2000
9023,9026
9023,1730
8047,8048
8047,8066
8047,8039
742,1174
742,743
742,4140
742,739
1176,1409
1176,1177
1176,750
1176,751
1176,1175
1981,2011
1981,1972
1981,1997
1981,1976
1981,1993
1981,2087
3659,3654
3659,3658
3659,3653
3659,3675
5359,5234
5359,5340
5359,5341
5359,5360
5359,5226
5359,5320
6953,8800
6953,6802
6953,6954
7380,7379
7380,7381
7380,1418
7380,1074
8801,6802
8801,8800
528,527
528,536
528,529
4184,4371
4184,4170
4184,5028
4184,5031
4184,5032
4184,4271
4184,4194
4184,8022
4184,4232
6806,1640
6806,1573
6806,6834
6806,6938
7165,6993
7165,7187
7165,8118
7165,8124
7561,7555
7561,7590
7561,7566
4322,4243
4322,4293
4322,4220
4322,4171
5218,5219
5218,5049
6698,6695
6698,5241
6698,6715
6698,8021
6698,6697
6705,5256
515,559
515,516
515,1160
3661,3658
3661,3700
4044,4043
4044,8823
4044,9002
5231,5242
5231,5225
5231,6695
6695,5231
6695,5225
6695,5245
6695,7825
6695,6697
6695,6698
6695,8070
7367,1079
7367,7351
8677,242
8677,8672
8677,8669
8677,8770
8677,8670
6617,6622
6617,6620
6617,6659
6617,6616
6617,7998
6617,8002
6617,1245
7195,7198
7195,8098
7195,7194
7659,7596
7659,1554
7659,7671
7659,1462
7659,1465
7659,7683
8887,8917
8887,8848
8887,8852
500,1159
500,6650
500,1373
500,6635
538,525
538,541
538,537
538,526
4118,4052
4118,4119
4118,4057
8821,9020
8821,9021
8821,4019
8821,1803
8821,1801
526,525
526,538
526,527
526,521
2000,1999
2000,8972
2000,8966
2000,2084
2000,6981
7525,8345
7525,7518
152,1213
152,7549
152,8981
152,1402
152,8638
152,8639
4992,4991
4992,4993
4992,5028
4992,5030
5044,5058
5044,5121
5044,8255
5044,5001
5044,5111
5044,5002
5044,4961
5044,4191
5044,5046
6957,6811
6957,6829
6957,6958
6957,6799
6880,6815
6880,6961
6880,6802
66,4056
66,7543
66,8775
541,525
541,555
541,542
541,538
1442,1432
1442,1435
1713,1714
1713,1719
1713,240
1713,1082
1713,5236
1713,5221
1713,7789
5207,5209
5207,5215
5207,5216
5207,5217
5207,5210
6432,7029
6432,7192
6432,1698
6432,7061
6432,6431
6668,6669
6668,6616
7362,1078
7362,8986
7362,7359
3808,3924
3808,3786
3808,6591
3808,3932
6616,6668
6616,6669
6616,6625
6616,6618
6616,6641
6616,8001
6616,8002
6616,6659
6616,6617
8666,8667
8666,8655
8666,8664
8771,8770
8771,8672
8771,8671
8771,8669
1462,7659
1462,7598
1462,7631
1462,7683
1462,1465
1462,8101
1462,1467
1462,1464
1462,1539
1462,1540
1462,1541
4371,4228
4371,5028
4371,5029
4371,5030
4371,4184
4371,4170
8345,7542
8345,9119
8345,7525
8345,7518
8345,8653
8494,8490
8494,8513
8494,8492
8494,1892
8494,8472
1976,1981
1976,1993
1976,1972
1976,1999
1976,8971
1976,2182
1976,2183
1976,2184
7566,7561
7566,7590
7566,7574
7566,7575
7566,7581
7566,7556
7566,4051
7566,7558
8092,8809
8092,8831
8092,8090
8092,7389
8092,7503
9051,9128
9051,9105
9051,9106
9051,7519
9051,7517
8553,8546
8553,8547
1460,1437
1460,1454
1788,8235
1788,1722
1788,1787
1892,8472
1892,8494
1892,7933
1892,8312
1892,1895
1892,1896
1892,1891
1958,8090
1958,1426
1958,7477
1958,7475
3945,3782
3945,3824
3945,3802
3945,3944
4219,4272
4219,8977
4219,4243
4219,4171
4219,4429
7516,7503
7516,7389
7516,8591
1433,1454
1433,1453
1433,1432
1433,1436
3991,3990
3991,3950
3991,3992
3991,6583
3991,9004
4303,4232
6594,6589
6594,8026
6594,8030
6594,6590
6659,6616
6659,6617
6659,6620
7788,7791
7788,7790
7788,7819
7788,7820
7788,7821
7788,7789
8811,8810
8811,7229
8811,8812
8811,2005
8834,8832
8834,1971
8834,6982
8834,8833
537,538
537,542
537,536
537,527
1077,1263
1077,8228
1077,1714
1077,340
1077,7810
1077,7811
1077,7812
1696,6431
1696,1698
1696,7004
1696,106
1859,1841
1859,6779
1859,6723
1859,6783
1859,9056
4923,8919
4923,1794
6653,6635
6653,6618
6653,6625
7821,7820
7821,1714
7821,7789
7821,7788
106,6431
106,1696
106,7004
106,6994
106,5457
106,5517
106,6089
106,6094
106,6451
106,6452
1161,1160
1161,517
1161,6650
1161,505
1441,1435
1441,1449
1441,1446
1895,1891
1895,1892
1895,1896
1895,6793
1895,1854
9123,9146
9123,9145
9123,9116
9123,9121
1247,1253
1247,6622
1247,1245
1722,1787
1722,1788
1722,1724
1722,9027
1722,1730
1722,1727
1722,1743
1722,1728
3814,8370
3814,3834
3814,3785
3814,3784
6812,6803
6812,7848
6812,6887
6812,6800
7224,1974
7224,7212
7224,7241
7224,7219
8358,3932
8358,3924
8358,8362
8777,8964
8777,123
8777,7822
1074,1078
1074,7379
1074,7380
1074,1418
3834,3785
3834,3778
3834,3784
3834,3814
7208,7210
7208,7240
7208,7222
7208,8225
7208,8794
7208,7211
7208,7233
8165,8231
8165,8166
8165,8167
1402,152
1402,7548
1402,8774
1402,1405
3745,1650
3745,7911
3745,3743
6626,3950
6626,6619
6626,6664
7206,7205
7206,6993
7206,7207
7206,8826
7939,3737
7939,8804
8147,8144
8147,3787
8147,3904
8147,8149
1248,4011
1248,1245
1248,1226
1425,8090
1425,1211
1425,1426
3943,3942
3943,3777
3943,3781
3943,3780
4417,4167
4417,4964
4417,4232
8062,8224
8062,8043
8062,8036
8062,8063
8823,4019
8823,9013
8823,9015
8823,4043
8823,4044
8823,9002
3778,3785
3778,3859
3778,3787
3778,3820
3778,3777
3778,3942
3778,3780
3778,3834
3778,3784
3989,3777
3989,3958
3989,3990
5001,5044
5001,5002
5001,4167
5001,5111
8366,8364
1465,1554
1465,7659
1465,8101
1465,1462
5214,5049
5214,5047
5214,5215
5214,5208
5214,5209
8061,8082
8061,8069
8061,8075
8364,8366
8364,8363
8364,1636
558,524
558,559
4987,4940
4987,4988
4987,4843
4987,4932
3820,3787
3820,3782
3820,3944
3820,3777
3820,3778
4991,4228
4991,1473
4991,4992
4991,5029
4991,5030
7856,7925
7856,7927
7856,8576
7856,7879
5217,5216
5217,5041
5217,8284
5217,5207
5217,5210
5371,5367
5371,67
2015,2082
2015,1992
2015,6581
3655,3653
3655,3656
3655,3672
7756,7755
7756,7684
7756,7754
8063,8062
8063,8036
8063,8083
1728,1743
1728,1722
1728,1725
1728,1742
4271,4184
4271,8022
4271,4218
4271,4232
5058,7684
5058,5121
5058,5044
5058,5046
7998,1245
7998,6617
7998,8002
7998,7963
7998,5365
8116,8118
8116,8127
9121,1921
9121,9146
9121,9123
9121,9150
9121,6670
1547,1546
1547,7596
1547,5043
4043,8823
4043,4044
4139,1414
4139,4138
5573,6143
5573,6423
5573,6581
5573,6587
5573,7204
5573,7201
5573,8826
7957,7956
7957,1229
8359,8361
8359,8144
8577,1972
8577,8585
8577,2115
8577,8587
8577,8588
8577,8972
303,95
303,8781
8600,8609
8600,8602
8600,8594
9153,9152
9153,9125
9153,9119
9153,9115
9153,9117
1083,1082
1083,1084
1083,8784
1369,6618
1369,6641
1652,7863
1652,1685
1652,1644
7970,1599
7970,1606
7970,7972
7970,7849
739,1174
739,742
739,4140
1213,8672
1213,152
1727,8235
1727,1722
1727,1787
1727,1733
1727,1723
3926,3786
4429,4219
4429,4171
4429,4967
8066,8047
8066,8048
8066,8075
8066,8068
8066,3740
8066,3739
8066,8039
8127,2059
8127,9001
8127,8116
8127,8118
4272,4932
4272,4243
4272,4219
4272,4934
4272,8977
6592,6591
6592,6608
6592,6589
8310,8311
8310,1898
8830,8828
8830,7136
8830,8832
8830,8829
3658,3654
3658,1094
3658,3698
3658,3661
3658,3659
4951,4994
4951,4952
4951,5032
4951,5035
6625,6653
6625,6618
6625,6616
6625,6669
9043,9031
9043,9035
6431,6432
6431,6094
6431,106
6431,1696
6431,1698
8826,7200
8826,7201
8826,5573
8826,7204
8826,7205
8826,7206
8826,7207
8826,8828
8826,8825
1818,1384
1818,1802
3740,8039
3740,8066
3740,3739
3740,3765
3740,3766
3740,3737
3740,7968
3740,7969
6091,5457
6091,5570
7773,7758
7773,8789
7773,7757
7773,7772
8820,8991
8820,4934
8820,4156
8820,8816
8820,8817
1230,1226
1230,1235
1230,1229
1230,8224
1651,1642
7231,7286
7231,7313
7231,7233
7231,7287
7231,1079
7519,9116
7519,9051
7519,9128
7519,7517
7519,7534
7519,9151
1461,1449
1461,1447
4200,4183
4200,4195
4200,4175
4200,4232
1541,1540
1541,1462
1541,1542
1541,8263
3785,8370
3785,3859
3785,3778
3785,3834
3785,3814
4170,4191
4170,4228
4170,4371
4170,4184
4170,4232
4170,4963
4170,4964
8573,8551
8573,7860
8573,8550
525,524
525,556
525,526
525,538
525,541
525,522
5277,5237
5277,5253
5277,5220
5277,5230
7473,3780
7473,3781
7473,7474
556,525
556,524
1539,7598
1539,1462
1539,1540
1539,8263
6899,6959
6899,6805
6899,6816
8098,7192
8098,7193
8098,7194
8098,7195
8098,8825
8098,8096
8098,6996
8098,6994
8098,7029
4943,4391
4943,5105
4943,4167
4943,4944
4943,1094
7351,1079
7351,1078
7351,7367
7351,8986
8234,8594
8234,8782
8592,8591
8592,8589
1576,1630
1576,8974
1576,1635
1576,1636
1576,7971
1576,8363
1576,1619
1576,7991
7848,8802
7848,1572
7848,7849
7848,6812
1174,1399
1174,1175
1174,739
1174,742
1174,743
1174,1768
6697,6695
6697,6698
6697,8021
6697,8020
8979,4934
8979,8977
1787,8235
1787,1788
1787,1722
1787,1727
4119,4118
4119,8107
4119,4057
6717,5237
6717,5230
6717,6716
7590,7555
7590,7574
7590,7566
7590,7561
8833,8831
8833,8834
8833,8090
1235,1229
1235,1230
2182,1993
2182,1976
2182,2183
2182,6992
4385,1794
4385,8523
5068,5170
5068,5219
5068,5067
5068,7598
5068,5047
5341,5340
5341,5344
5341,5359
5341,5360
7205,7204
7205,6993
7205,7206
7205,8826
1436,1444
1436,1433
1436,1432
1436,1457
1436,1458
4220,4322
4220,4293
4220,4171
6452,6451
6452,106
6452,6089
7969,7968
7969,3740
8217,8220
8217,8216
9029,9038
9029,9044
9029,9045
9029,60
9029,1350
157,529
157,1162
157,1163
157,1290
1175,1399
1175,1409
1175,1176
1175,746
1175,747
1175,1174
2030,1984
2030,197
2030,2033
3737,3740
3737,3766
3737,3734
3737,8804
3737,7939
8118,7165
8118,7187
8118,2059
8118,8127
8118,8116
8816,8820
8816,8817
8816,1177
1253,1250
1253,6622
1253,1247
1819,1802
4945,4182
4945,4931
4945,4946
4945,4310
5345,5344
5345,5225
5345,5360
7479,7481
7479,7501
7479,1211
7479,1212
1926,1938
1926,1906
5222,5286
5222,5256
5222,6707
5222,5284
5222,8489
5222,5228
5222,5253
5226,5221
5226,5320
5226,5359
5226,5360
5226,5242
5226,5225
5226,5357
5226,5358
7574,7555
7574,7575
7574,7566
7574,7590
1571,1350
1571,1621
1571,1573
1571,1578
2007,1974
2007,1975
2007,2136
2007,7209
2007,7266
4939,4938
4939,4940
4939,4931
4939,4932
5234,5236
5234,5335
5234,5361
5234,5362
5234,5320
5234,5359
5234,5221
5370,5367
5370,7342
7812,1077
7812,7810
7812,7818
8653,9115
8653,7518
8653,8345
8653,8654
3787,8147
3787,8149
3787,3789
3787,3904
3787,3820
3787,3782
3787,3896
3787,3778
3787,3859
4243,4932
4243,4293
4243,4843
4243,4171
4243,4322
4243,4272
4243,4219
6614,3779
6614,6615
6614,3961
6614,3997
7136,8830
7136,7037
7136,8832
7758,8787
7758,7773
7758,7760
8149,8147
8149,3787
8149,3859
1409,8774
1409,8990
1409,8991
1409,1175
1409,1176
1409,1177
1409,1399
1409,1405
1801,818
1801,8821
1801,1822
1801,1807
1801,1803
1801,1821
1801,1386
1801,1384
5256,6705
5256,5222
5256,5286
5256,6706
6649,527
6649,528
6649,6623
6649,1373
7810,7812
7810,1077
7810,7811
7810,7818
7968,3740
7968,8039
7968,7969
535,542
535,544
535,1162
535,536
3768,3734
3768,3748
3768,3767
8542,8490
8542,8472
8542,8541
1210,8668
1210,7549
2191,2192
2191,1983
2191,2190
7933,8492
7933,8312
7933,1892
8802,1572
8802,6806
8802,6834
8802,7848
8802,6803
8802,8803
8974,8973
8974,1630
8974,1619
8974,1576
8974,1572
1387,1384
1387,8489
4961,5044
4961,4191
4961,4962
4961,4167
4961,5002
9145,1898
9145,9116
9145,9123
9146,9123
9146,9121
1447,3674
1447,1461
3802,3945
3802,3824
3802,3779
3802,3777
4179,4168
4179,4882
4179,8526
4179,8527
4179,4931
4179,4937
4179,4474
4179,4182
5361,5335
5361,5362
5361,5234
7683,7682
7683,7659
7683,1462
7683,7631
7946,8804
8638,152
8638,8639
8638,8671
2068,6581
2068,1992
2068,6992
2068,7186
6803,8803
6803,8802
6803,6812
6803,6959
6803,6960
6834,6806
6834,1572
1293,1290
1293,1289
1293,8303
1683,1644
1683,7855
1683,1650
4052,4113
4052,4054
4052,4057
4052,4118
4052,7557
6958,6957
6958,6800
6958,6801
6958,6799
7801,7790
7801,7791
9052,9108
9052,9106
257,6994
257,8370
257,3938
257,5457
257,5570
257,6092
1287,8070
1287,1289
1546,1545
1546,1547
1546,5043
7233,7211
7233,7208
7233,8794
7233,7288
7233,7310
7233,7231
7233,7287
7233,7286
8489,5222
8489,5228
8489,1384
8489,1387
8489,8491
8489,8499
8489,8490
1794,4923
1794,8289
1794,8919
1794,1799
1794,4385
1794,8523
7752,7751
7752,7684
7752,7750
8253,8669
8253,8631
8253,1724
8253,8773
8602,8601
8602,8600
527,526
527,537
527,528
1208,1209
1208,8846
1891,8472
1891,1892
1891,1841
1891,1854
1891,1895
1891,9056
1891,9111
1891,9112
8547,7911
8547,8553
8547,8546
8547,3743
9139,9122
9139,7541
9139,9119
9139,9125
1743,1722
1743,1728
4163,4162
4163,4969
4163,4164
4163,4140
8225,7222
8225,7208
2183,2182
2183,1976
2183,2184
2183,6992
3934,3933
3934,6589
3934,6590
3934,3935
3934,3779
5319,5268
6814,6801
6814,6825
6814,6808
6814,6848
7343,8924
7343,7348
7343,7342
7343,5367
1446,1435
1446,1441
2115,1972
2115,2005
2115,8585
2115,8577
4391,5046
4391,4167
4391,4943
4391,5105
542,541
542,543
542,535
542,537
6865,6799
6865,6801
6865,6956
6683,1911
6683,9042
6683,6670
6683,9030
7541,9122
7541,7534
7541,7517
7541,7542
7541,9139
7541,9119
8669,8677
8669,8671
8669,8770
8669,8771
8669,6964
8669,8670
8669,6980
8849,8916
8849,8961
8849,8962
8849,8963
8849,8851
8849,8925
9004,3990
9004,3991
9004,6583
1092,1046
1092,7717
1092,5046
1092,1093
1092,3654
1092,3662
1405,1402
1405,1409
1405,8774
1405,1399
8126,4054
8126,4113
8126,7557
8126,7543
3940,3939
3940,8370
3940,3941
4168,4195
4168,4863
4168,8523
4168,4474
4168,4179
4168,4882
4168,4175
4168,4201
4305,4182
4305,4310
4305,4958
7312,7229
7312,7211
7312,7313
8021,6698
8021,6715
8021,6697
8361,8359
8361,8362
8361,8143
1540,1539
1540,1462
1540,1541
1540,8263
3783,3896
3783,3789
3783,3932
3783,3933
3783,3779
3783,3782
3783,3824
7288,7233
7288,7310
8869,1209
8869,8855
8869,8852
8869,8846
8959,8958
8959,8962
8959,8916
8985,8984
8985,1719
8985,1714
1685,7878
1685,1652
3667,7684
3667,1046
3667,3690
3786,3926
3786,6591
3786,3808
4963,4962
4963,4170
4963,4964
4963,4167
5041,5067
5041,5047
5041,7598
5041,8254
5041,8284
5041,5215
5041,5216
5041,5217
6706,5256
6706,5286
8144,8143
8144,3904
8144,8147
524,558
524,556
524,525
524,523
8166,1391
8166,8165
8667,8659
8667,8666
3674,1447
3674,3653
3951,3969
3951,212
3951,8205
3951,3970
3951,3950
7222,8225
7222,8794
7222,7208
8255,8285
8255,8286
8255,8287
8255,8263
8255,4191
8255,5044
8255,5211
8255,5121
1449,1461
1449,1441
1719,8985
1719,1713
8002,6616
8002,6617
8002,8001
8002,7998
9122,9151
9122,9139
9122,7541
9122,9125
317,8112
317,8775
317,123
317,1085
1938,1898
1938,1906
1938,1926
2005,1972
2005,8810
2005,8811
2005,8593
2005,2115
2005,8585
7849,7848
7849,7970
7849,6831
5358,5357
5358,5226
5358,5242
8531,5356
8531,5220
8531,5228
8606,8604
8606,8607
9152,9118
9152,9125
9152,9153
9152,9135
9152,9117
8065,8064
8065,8083
750,1176
750,751
750,4140
750,747
1158,505
1158,1159
1158,6635
1672,1643
1672,7860
2185,2184
2185,1999
2185,2084
2185,6981
2185,1978
5047,5049
5047,5067
5047,5068
5047,5170
5047,5041
5047,5214
5047,5215
6938,1640
6938,3748
6938,6806
7762,7759
7762,67
1640,7914
1640,8544
1640,8546
1640,60
1640,1350
1640,1573
1640,6938
1640,6806
1640,3734
1640,3748
8230,1714
8230,8228
8231,8200
8231,8165
8231,8167
8370,6994
8370,3785
8370,3814
8370,257
8370,3941
8370,3939
8370,3940
8370,3938
1386,818
1386,1801
1386,1384
505,1160
505,1161
505,6650
505,1158
505,1159
5035,5032
5035,4951
5035,5036
5035,4194
6816,8805
6816,6899
6816,6805
6816,6815
6816,6961
6994,6996
6994,7004
6994,8096
6994,8098
6994,257
6994,8370
6994,106
6994,5457
9125,9122
9125,9139
9125,9119
9125,9152
9125,9153
8286,8254
8286,8287
8286,8255
8286,8285
1437,8925
1437,1459
1437,1460
1437,1455
1599,1572
1599,1606
1599,7970
3672,3655
3672,3656
3782,3787
3782,3783
3782,3896
3782,3824
3782,3944
3782,3945
3782,3820
3990,3989
3990,3950
3990,3991
3990,9004
4215,4952
4215,8523
4215,4863
4215,5037
4215,5038
7825,5245
7825,6695
8490,5228
8490,8499
8490,8513
8490,8489
8490,8494
8490,8472
8490,8542
1094,1093
1094,4943
1094,3698
1094,3699
1094,3654
1094,3658
8205,212
8205,3951
9118,9034
9118,6670
9118,9135
9118,9152
9118,9124
9118,9035
8969,8972
8969,8968
8969,1074
8969,1078
8969,8970
1432,1436
1432,1458
1432,1453
1432,1433
1432,1435
1432,1442
1454,1459
1454,1433
1454,1460
1799,1794
1799,4998
1799,4999
1799,5000
1799,8289
1799,8290
1799,8292
6618,6625
6618,6653
6618,6635
6618,6641
6618,1369
6618,6616
8069,8061
8069,8082
8069,8080
8069,3739
8069,8068
8544,1640
8544,7914
8773,8669
8773,8253
3904,8147
3904,8143
3904,8144
3904,3789
3904,3787
5049,5218
5049,5219
5049,5047
5049,5170
5049,5214
5049,5208
6660,6620
6884,6800
6884,6801
7517,7534
7517,7519
7517,9051
7517,7533
7517,7541
7517,7542
8124,6993
8124,7165
8124,8123
8831,8829
8831,8832
8831,8833
8831,8092
4167,5001
4167,5002
4167,5046
4167,5111
4167,4961
4167,4962
4167,4963
4167,4964
4167,4417
4167,4391
4167,4943
4167,4944
8263,8254
8263,7598
8263,1539
8263,1540
8263,1541
8263,4191
8263,8255
8263,8287
8589,8592
8589,7481
8589,1212
4882,4168
4882,8527
4882,4179
4993,4992
4993,8023
4993,4994
4993,5028
4993,5031
6886,6800
8357,3924
8357,3789
1975,8100
1975,2190
1975,1983
1975,2136
1975,1974
1975,2007
5220,5277
5220,5230
5220,5253
5220,5228
5220,5356
5220,8531
5220,8534
7556,7558
7556,7566
7556,4051
7556,4048
2190,2191
2190,1983
2190,1975
3944,3782
3944,3945
3944,3777
3944,3820
6092,5570
6092,257
7596,5043
7596,1547
7596,7659
7596,7671
7596,7682
7772,7773
7772,7757
8203,7474
8203,3781
95,4048
95,133
95,8782
95,303
1350,60
1350,9029
1350,9045
1350,9046
1350,1571
1350,1573
1350,1640
3824,3782
3824,3783
3824,3779
3824,3802
3824,3945
5030,5029
5030,4991
5030,4992
5030,5028
5030,4371
8825,7198
8825,7199
8825,8826
8825,8827
8825,8098
4304,4232
4304,4175
7037,7136
7037,1971
7037,8832
7207,7206
7207,6993
7207,7001
7207,8826
8200,3781
8200,8201
8200,9005
751,1176
751,754
751,4140
751,750
5111,5044
5111,5001
5111,4167
5111,5046
8026,6608
8026,6589
8026,6594
1313,1314
1313,8835
1998,6992
1998,1978
1998,9001
1998,2059
1998,7187
4048,4051
4048,7556
4048,1414
4048,8799
4048,95
6589,6591
6589,6592
6589,6608
6589,8026
6589,6594
6589,6590
6589,3933
6589,3934
3653,3671
3653,3674
3653,3693
3653,3654
3653,3659
3653,3655
3653,3656
3653,3675
3653,3694
3653,3695
4011,1250
4011,1226
4011,1248
8292,1799
8292,8290
8670,8669
8670,8677
8670,6964
8670,1835
8670,1836
8670,1837
8670,9018
9027,1724
9027,9028
9027,9026
9027,1722
8965,8918
8965,8956
1163,544
1163,157
1163,1162
1835,9018
1835,8670
1835,1836
1835,9020
6707,5286
6707,5222
6707,5237
7927,7925
7927,7930
7927,8574
7927,7856
7927,8576
2136,1975
2136,1983
2136,7217
2136,2007
4140,739
4140,742
4140,743
4140,746
4140,747
4140,750
4140,751
4140,754
4140,755
4140,8817
4140,4156
4140,4162
4140,4163
4140,4164
4140,7935
6591,3808
6591,3786
6591,6589
6591,6592
6591,3932
6591,3933
6779,1841
6779,6777
6779,6723
6779,1859
7598,5068
7598,7631
7598,1462
7598,1539
7598,5067
7598,5041
7598,8263
7598,8254
8593,2005
8593,8812
8593,1079
8782,95
8782,133
8782,8234
8782,1723
8782,8781
7558,7566
7558,7556
818,1801
818,1386
1821,1384
1821,1801
1821,1806
2033,197
2033,2030
2033,7240
3698,1094
3698,3699
3698,3658
5221,1713
5221,5320
5221,5236
5221,5234
5221,5226
5221,5357
6799,6802
6799,6962
6799,6811
6799,6957
6799,6958
6799,6801
6799,6865
6799,6954
6799,6955
6799,6956
7548,8981
7548,8252
7548,8774
7548,1402
8284,5217
8284,5041
8284,8254
8284,8285
8284,5211
8284,5210
8792,8791
8792,8846
8792,8787
8792,7776
8792,7777
5340,5362
5340,5341
5340,5359
5356,8534
5356,5220
5356,8531
8223,8209
8223,8212
8223,1226
8223,8224
8223,8220
9135,9118
9135,9152
9135,9117
9135,9124
4232,4417
4232,4964
4232,4200
4232,4183
4232,4218
4232,4271
4232,4184
4232,4170
4232,4304
4232,4175
4232,4303
6622,6619
6622,6620
6622,6667
6622,6617
6622,1253
6622,1247
6622,1245
6622,1250
1226,4011
1226,1218
1226,1245
1226,1248
1226,1230
1226,8212
1226,8223
3654,3693
3654,3662
3654,1092
3654,1093
3654,1094
3654,3659
3654,3658
3654,3653
6641,6618
6641,1369
6641,8001
6641,6616
7750,7752
7750,7684
7750,7755
8925,8851
8925,8849
8925,1437
8925,8924
8961,8963
8961,8849
8998,8526
8998,8290
8998,8999
8998,4937
2192,2193
2192,1983
2192,2191
5286,6706
5286,5256
5286,5222
5286,6707
6831,7849
6831,6889
6831,6800
1648,7860
1648,1643
1648,60
1648,8550
3675,3653
3675,3659
3675,3656
3695,3694
3695,3653
3935,3934
3935,6590
3935,6615
3935,8233
3935,3779
4057,4052
4057,4118
4057,4119
4057,8107
6801,6799
6801,6958
6801,6800
6801,6884
6801,6814
6801,6825
6801,6865
8988,5207
8988,8778
8988,7684
9115,9117
9115,9153
9115,9119
9115,8653
1384,1386
1384,1387
1384,1801
1384,1802
1384,1806
1384,1818
1384,1821
1384,8491
1384,8489
1444,1436
1444,1457
3941,3940
3941,8370
6716,6717
6716,5230
7499,1426
7755,7750
7755,7684
7755,7756
8662,8663
8662,8661
7311,7310
7311,7774
7311,8794
7311,7292
7777,7776
7777,8787
7777,8792
1733,1727
1733,1723
3781,3780
3781,3943
3781,3777
3781,8200
3781,8201
3781,9005
3781,7473
3781,7474
3781,8203
6811,6805
6811,6898
6811,6829
6811,6957
6811,6799
6811,6962
6956,6955
6956,6799
6956,6865
3767,3734
3767,3768
3767,8805
4194,4184
4194,5032
4194,5035
4194,4183
4194,4218
4194,8022
555,543
555,541
1289,1287
1289,1290
1289,1293
3656,3653
3656,3675
3656,3655
3656,3672
7855,1683
7855,7911
7855,1650
8513,8499
8513,8492
8513,8494
8513,8490
9018,8670
9018,1835
9018,9020
133,8799
133,8782
133,95
1212,8589
1212,7479
1212,7481
1212,8370
1714,340
1714,1077
1714,8228
1714,8230
1714,8984
1714,8985
1714,1713
1714,7789
1714,7819
1714,7820
1714,7821
6699,6700
6699,5237
6699,6713
8362,8361
8362,8358
8362,3932
8362,8143
8362,3789
8807,8808
8807,8806
8807,8370
9044,9031
9044,9029
529,528
529,1162
529,157
6620,6667
6620,6660
6620,6659
6620,6617
6620,6622
8604,6964
8604,8250
8604,8606
8999,8290
8999,8998
7518,8345
7518,7525
7518,8653
7518,8654
7820,7819
7820,1714
7820,7821
7820,7788
7935,4967
7935,4162
7935,4140
7956,7963
7956,7957
1467,1462
1467,1464
1467,1493
1467,976
1467,1542
7776,7774
7776,8792
7776,7777
8220,8222
8220,8223
8220,8216
8220,8217
8285,8284
8285,8254
8285,8286
8285,8255
8285,5211
8968,8972
8968,1078
8968,8969
2193,1984
2193,2192
3700,3699
3700,4944
3700,3661
7292,7311
7292,7774
8914,8913
8914,8840
8914,8846
1841,1891
1841,1854
1841,6777
1841,1859
1841,6779
1841,9056
6807,6813
6807,6841
6807,7931
7533,7517
7533,7542
3784,3814
3784,3834
3784,3778
3784,3780
8855,8852
8855,1209
8855,8869
3961,3995
3961,3996
3961,3997
3961,6614
3961,3950
3961,3969
3961,3958
7914,8544
7914,1640
7914,8546
8587,8577
8587,8588
8587,1078
9035,9031
9035,9118
9035,9124
9035,9043
517,516
517,522
517,521
517,1161
1619,8974
1619,1576
1619,7991
6143,5573
6848,6814
6848,6808
6848,4010
7194,7195
7194,8098
7194,7193
8222,8209
8222,8220
8840,8846
8840,8851
8840,8914
8840,8924
8840,8787
5215,5214
5215,5041
5215,5047
5215,5216
5215,5207
5215,5209
7204,5573
7204,6993
7204,7205
7204,8826
8363,1576
8363,1636
8363,8364
8363,7971
8523,1794
8523,4385
8523,4215
8523,4168
8523,4863
1725,1723
1725,1742
1725,1728
1725,1731
8594,1837
8594,8609
8594,8600
8661,8662
8661,8664
8661,8655
8661,8973
8809,8096
8809,8829
8809,8092
8809,8808
8303,1293
8303,8300
1984,2193
1984,2030
1984,197
1984,1983
1984,7210
2059,7187
2059,1998
2059,8127
2059,8118
5367,7757
5367,8789
5367,7342
5367,7343
5367,5370
5367,5371
5367,67
5367,7759
7186,6581
7186,6992
7186,2068
7186,7187
7186,6993
7186,7176
9021,9020
9021,8821
7212,7224
7212,1974
7212,7266
7212,1972
7212,7209
7212,7216
7212,7241
9025,9024
9025,1726
5362,5361
5362,5340
5362,5234
8804,3737
8804,8805
8804,8800
8804,7946
8804,7939
4958,4957
4958,4305
4958,8668
6996,7061
6996,1698
6996,7029
6996,8098
6996,6994
6996,7004
7818,7811
7818,7810
7818,7812
7818,7819
7818,7790
9105,9144
9105,9049
9105,9106
9105,9051
9105,9128
743,1174
743,746
743,4140
743,742
1399,1405
1399,1409
1399,1174
1399,1175
1399,1768
1399,1724
1399,1726
1724,8253
1724,1399
1724,1726
1724,9027
1724,9028
1724,1722
3992,3991
3992,3950
3992,6583
8574,7927
8574,8551
60,1643
60,1648
60,8550
60,9029
60,9038
60,1350
60,1640
754,1177
754,755
754,4140
754,751
7198,7199
7198,8825
7198,7195
9031,9044
9031,9034
9031,9043
9031,9035
1992,2015
1992,2082
1992,2020
1992,1993
1992,6992
1992,2068
1992,6581
8068,8075
8068,8069
8068,3739
8068,8066
9150,9121
9150,9116
9150,9151
3780,3784
3780,3778
3780,3942
3780,3943
3780,3781
3780,7473
8232,8028
8232,6615
8232,8233
8232,212
4946,4945
4946,4931
4946,4933
4946,8797
4946,8798
5335,5236
5335,5361
5335,5234
6423,5573
6423,7201
7350,1421
7350,1263
8781,303
8781,8782
8781,301
3924,3808
3924,3932
3969,3961
3969,3951
3969,3950
5046,7684
5046,5044
5046,5111
5046,5058
5046,5105
5046,4391
5046,4167
5046,1092
5046,1093
5046,7717
5365,1245
5365,7998
5365,1218
7193,7194
7193,8098
7193,7192
7240,7210
7240,197
7240,2033
7240,7208
7389,7503
7389,8092
7389,7475
7389,7516
1630,1635
1630,1576
1630,8974
4191,5044
4191,8263
4191,8255
4191,1542
4191,976
4191,4373
4191,4170
4191,4228
4191,4961
4191,4962
6700,6715
6700,5241
6700,6714
6700,6699
8290,8292
8290,1799
8290,8998
8290,8999
8290,8526
8668,4955
8668,4956
8668,4957
8668,4201
8668,4958
8668,8690
8668,8672
1906,1926
1906,1938
1906,1898
3933,3932
3933,6589
3933,6591
3933,3934
3933,3783
3933,3779
8001,6616
8001,6641
8001,8002
8576,7856
8576,7927
8794,7208
8794,7222
8794,8791
8794,7774
8794,7233
8794,7310
8794,7311
8991,8990
8991,4934
8991,8820
8991,1409
4113,8126
4113,4054
4113,4052
4113,7557
7192,7193
7192,7029
7192,8098
7192,6432
7543,4056
7543,8126
7543,7555
7543,7557
7543,66
8300,1290
8300,8303
9002,4044
9002,8823
9020,9021
9020,1835
9020,1836
9020,1837
9020,9018
9020,4019
9020,8821
1418,1074
1418,7380
1418,7381
1418,7382
1418,1421
3942,3778
3942,3777
3942,3943
3942,3780
4171,4243
4171,4219
4171,4429
4171,4322
4171,4220
4171,4967
4171,4968
4171,4969
4171,4970
4952,4951
4952,4215
4952,5036
4952,5037
5241,5268
5241,6700
5241,6714
5241,6698
5241,6715
7176,6581
7176,7186
7176,6993
7176,6587
67,7759
67,7762
67,5367
67,5371
67,8111
67,8109
67,8984
1768,1399
1768,1174
1768,1726
8312,7933
8312,1892
8064,8036
8064,8065
8064,8083
8090,8092
8090,8833
8090,1425
8090,1426
8090,1958
8090,7475
8852,8855
8852,8869
8852,8887
8852,8848
8852,8911
8852,8846
9024,1726
9024,9025
1621,1571
1621,8973
1621,1578
1726,1724
1726,1768
1726,1399
1726,9024
1726,9025
3939,3938
3939,8370
3939,3940
8028,6590
8028,8031
8028,8233
8212,1226
8212,8223
6794,6793
6794,6723
6794,6777
8657,8658
8791,8794
8791,8846
8791,8792
8791,7774
755,1177
755,8817
755,4140
755,754
8917,8918
8917,8848
8917,8887
3958,3777
3958,3961
3958,3995
3958,3950
3958,3989
6587,5573
6587,6581
6587,7176
6587,6993
8048,8075
8048,8066
8048,8047
9005,3781
9005,8200
3671,3653
6783,1859
6783,6723
6815,8805
6815,6816
6815,6880
6815,6961
7342,7348
7342,7343
7342,5367
7342,5370
7757,7772
7757,7773
7757,8789
7757,5367
8036,8043
8036,8064
8036,8083
8036,8062
8036,8063
7211,7210
7211,7208
7211,7286
7211,7233
7211,7229
7211,7312
7211,7313
8977,4934
8977,4272
8977,4219
8977,8979
9056,1891
9056,1841
9056,1859
9056,9112
9056,9113
9056,9114
2011,1997
2011,1981
6955,6954
6955,6799
6955,6956
7210,1983
7210,7217
7210,197
7210,1984
7210,7211
7210,7208
7210,7240
7210,7229
7210,7209
7210,7228
8031,8030
8031,6590
8031,8028
8971,1976
8971,1972
8971,8972
8971,1999
3932,3808
3932,3924
3932,6591
3932,3933
3932,3783
3932,3789
4138,4139
4138,1414
4138,4051
4138,7581
5357,5221
5357,5226
5357,5358
2087,1981
2087,1993
2087,2020
8806,8807
8806,7503
8806,8591
8806,8370
1482,1545
1482,5043
8966,2000
8966,8967
8966,1074
1822,1801
1822,1807
4968,4967
4968,4171
4968,4969
4968,4162
5121,5211
5121,8255
5121,5044
5121,5058
8658,8657
8658,8659
7501,7475
7501,7502
7501,1211
7501,7479
8846,1208
8846,8852
8846,8869
8846,8911
8846,8912
8846,8913
8846,8914
8846,8840
8846,8791
8846,8792
8967,8972
8967,8970
8967,1074
8967,8966
6800,6829
6800,6887
6800,6831
6800,6812
6800,6886
6800,6884
6800,6801
6800,6958
7555,7543
7555,7557
7555,7561
7555,7590
7555,7574
7555,7575
3789,3904
3789,8143
3789,3932
3789,3783
3789,3787
3789,3896
4218,4271
4218,8022
4218,4194
4218,4183
4218,4232
5000,4999
5000,1799
7229,7228
7229,7210
7229,7211
7229,7312
7229,8811
7382,7381
7382,1418
7382,1421
9119,9125
9119,9139
9119,7542
9119,7541
9119,8345
9119,9115
9119,9153
1806,1384
1806,1821
1806,1802
4201,4175
4201,4168
4201,4474
4201,4182
4201,4955
4201,8668
9108,9107
9108,9113
9108,9114
9108,9052
1643,1672
1643,60
1643,1648
1643,7860
5216,5215
5216,5041
5216,5217
5216,5207
6980,6964
6980,8669
7557,7543
7557,8126
7557,4052
7557,4113
7557,7555
8541,8542
8541,8472
8541,8307
3997,3779
3997,6614
3997,3961
3997,3996
5237,6699
5237,6713
5237,6707
5237,5277
5237,5253
5237,5230
5237,6717
8986,1078
8986,7351
8986,7362
9144,1898
9144,9105
9144,9128
1229,1230
1229,1235
1229,7957
1229,8224
1421,1418
1421,7382
1421,7350
6664,6626
6664,6665
6664,6619
8216,8220
8216,8224
8216,8217
1435,1432
1435,1442
1435,1446
1435,1441
1997,7216
1997,1972
1997,2011
1997,1981
8109,67
8109,8111
8109,8984
8800,8804
8800,8801
8800,6953
8800,6802
8810,7209
8810,7228
8810,8811
8810,1972
8810,2005
9034,9030
9034,6670
9034,9118
9034,9031
3690,3667
3690,3662
5105,5046
5105,4391
5105,4943
5105,1093
7819,7818
7819,1714
7819,340
7819,7820
7819,7788
7819,7790
8228,8230
8228,1714
8228,1077
8911,8852
8911,8848
8911,8912
8911,8846
8913,8912
8913,8848
8913,8914
8913,8846
9111,1891
9111,9112
9111,9107
1554,7671
1554,1465
1554,7659
4010,6808
4010,6848
4010,6813
5208,5049
5208,5214
5208,5209
8252,4933
8252,4310
8252,9000
8252,7549
8252,7548
8252,8981
8915,8958
8915,8916
536,537
536,535
536,1162
536,528
747,1175
747,750
747,4140
747,746
3999,4000
3999,3973
4054,4052
4054,4113
4054,8126
7004,1696
7004,6996
7004,6994
7004,106
8779,7682
8779,7598
9046,9045
9046,1350
3662,3690
3662,1092
3662,1046
3662,3654
8835,1313
8835,8973
1085,1084
1085,317
1085,8112
1085,8114
1085,123
1085,8964
7216,7241
7216,7219
7216,7212
7216,1972
7216,1997
8107,4057
8107,4119
1290,157
1290,1289
1290,1293
1290,8300
4957,4956
4957,4182
4957,4958
4957,8668
4998,8289
4998,4999
4998,1799
5037,5036
5037,4215
5037,4952
5037,5038
5037,4183
8690,8668
8690,8672
8690,242
1211,1425
1211,7479
1211,7501
1211,7502
1211,8359
1211,8147
1211,8149
1211,3859
9117,9124
9117,9135
9117,9152
9117,9153
9117,9115
3996,3777
3996,3779
3996,3997
3996,3961
3996,3995
6615,3779
6615,3935
6615,8233
6615,6614
7209,2007
7209,7212
7209,7266
7209,7217
7209,7210
7209,7228
7209,8810
7209,1972
8784,1083
8784,1084
8784,8964
8784,5225
8784,5341
8851,8849
8851,8925
8851,8840
8962,8959
8962,8963
8962,8849
8989,5043
8989,7598
3734,3739
3734,3743
3734,1640
3734,3748
3734,3767
3734,3768
3734,8805
3734,3737
3734,3765
3734,3766
4019,1803
4019,8821
4019,9020
4019,8823
4019,9013
4175,4232
4175,4200
4175,4195
4175,4168
4175,4201
4175,4304
4293,4843
4293,4988
4293,4220
4293,4322
4293,4243
5268,5319
5268,5241
4944,4943
4944,4167
4944,3699
4944,3700
6669,6625
6669,6616
6669,6668
8601,8607
8601,8602
8601,8609
8778,8988
8778,5210
8778,7684
8958,8957
8958,8959
8958,8915
6714,5241
6714,6700
6962,6961
6962,6805
6962,6811
6962,6799
6962,6802
8990,4933
8990,8991
8990,1409
5245,5225
5245,7825
5245,6695
5028,5030
5028,4992
5028,4993
5028,5031
5028,4184
5028,4371
8083,8063
8083,8036
8083,8064
8083,8065
8083,8075
8827,8825
8827,8828
8827,8829
8827,8096
7754,7756
7754,7684
8530,8526
8530,8527
9001,1998
9001,1978
9001,8127
1263,7350
1263,1077
1426,8090
1426,1425
1426,7499
1426,1958
4195,4183
4195,4863
4195,5038
4195,4168
4195,4200
4195,4175
4932,4931
4932,4939
4932,4940
4932,4987
4932,4243
4932,4272
4932,4843
4932,4933
4932,4934
4937,4179
4937,8526
4937,8998
4937,4938
4937,4931
8100,1975
8100,1974
8235,8250
8235,8594
8235,1787
8235,1727
8235,1788
3938,257
3938,8370
3938,3939
4940,4939
4940,4987
4940,4932
6813,4010
6813,6807
6813,6841
6825,6801
6825,6808
6825,6814
7381,7380
7381,7382
7381,1418
1082,1713
1082,1083
1082,240
1836,1835
1836,8670
1836,1837
1836,9020
4156,8820
4156,4140
4964,4963
4964,4170
4964,4232
4964,4167
4964,4417
6608,6592
6608,8026
6608,6589
6635,1158
6635,1159
6635,500
6635,6618
6635,6653
6451,6094
6451,106
6451,6452
6829,6811
6829,6887
6829,6800
6829,6957
8123,6993
8123,8124
8123,7001
1373,500
1373,6650
1373,6649
1636,1635
1636,8364
1636,8363
1636,1576
6982,8834
6982,1971
6982,6985
8526,8527
8526,8530
8526,8290
8526,4937
8526,8998
8526,4179
1464,1462
1464,8101
1464,1467
1464,1493
7860,1672
7860,1643
7860,1648
7860,8551
7860,8573
1159,1158
1159,505
1159,500
1159,6635
1177,1409
1177,8816
1177,754
1177,755
1177,1176
1493,1467
1493,1464
1493,976
6590,6589
6590,6594
6590,8030
6590,8031
6590,8028
6590,8233
6590,3935
6590,3934
7715,7716
7715,7684
7715,7751
8527,4882
8527,8530
8527,8526
8527,4179
1578,1573
1578,1571
1578,1621
1578,8973
1606,1572
1606,7970
1606,1599
7029,7192
7029,8098
7029,6996
7029,6432
7029,7061
7187,7186
7187,6992
7187,1998
7187,2059
7187,8118
7187,6993
7187,7165
8499,8489
8499,8491
8499,8513
8499,8492
8499,8490
9015,9013
9015,8823
1736,1723
1736,1731
1999,1976
1999,8971
1999,2084
1999,2000
1999,2184
1999,2185
5570,5457
5570,257
5570,6092
5570,6091
1391,8166
1391,6583
1453,1433
1453,1432
7502,7477
7502,1211
7502,7501
9030,1911
9030,6683
9030,6670
9030,9034
9112,9111
9112,1891
9112,9056
9112,9113
9112,9107
7760,7758
1078,1079
1078,7359
1078,7351
1078,7362
1078,7379
1078,8986
1078,1074
1573,1350
1573,1640
1573,1571
1573,1578
1573,6806
4310,4182
4310,4945
4310,8797
4310,4305
5284,5222
6808,6848
6808,6814
6808,6825
6808,4010
6898,6805
6898,6960
6898,6811
7581,4138
7581,4051
7581,7566
8043,8224
8043,8036
8043,8062
8113,8775
8113,8112
