928,3099
928,16
2076,219
2076,2075
2076,2067
2308,37
2672,2671
2672,18
2749,169
2749,16
2749,2750
2749,3143
103,2615
103,2614
103,595
103,1053
103,2665
299,2323
299,560
299,2286
299,561
2022,2023
2022,820
2022,46
2022,2044
2024,2818
2024,2028
2024,2023
2024,2734
1202,430
1202,1201
1605,272
1605,479
133,2675
133,2676
133,2677
133,626
133,424
1174,187
2688,2687
2688,2691
2688,55
2970,545
2970,2954
2970,2969
3028,24
3028,3029
3028,3001
23,531
23,384
23,2825
23,48
23,2157
23,530
23,2858
23,2860
23,2631
23,2632
97,53
97,311
97,966
97,598
792,214
792,119
292,90
292,217
1277,3036
1277,445
2288,2287
2288,296
2404,2422
2404,905
2404,903
769,302
769,10
769,359
2129,527
2129,13
1964,521
1964,1965
2725,2813
2725,2814
2725,2726
2725,282
3156,3157
3156,2559
5,1918
5,1939
5,1945
5,1951
5,1971
5,520
5,218
5,828
5,1973
5,516
5,1877
5,87
5,1895
5,799
2831,2832
2831,123
2384,230
2384,936
2794,43
2794,8
2794,2793
2809,503
2809,2810
2809,278
3078,885
3078,297
3078,3076
3085,3082
3085,3087
683,255
683,3040
1923,514
1923,371
2826,2827
2826,48
2826,2825
213,13
213,2109
213,9
361,2810
361,1762
361,2811
361,157
2676,2675
2676,29
2676,2677
2676,133
2728,2727
2728,6
400,232
400,2751
400,94
400,69
850,532
850,2149
850,531
850,2631
1662,2653
1662,58
1662,81
1662,277
2075,2076
2075,219
1888,35
1888,802
3118,235
3118,3095
414,56
414,366
414,600
414,139
1447,77
1447,2652
2634,2765
2634,2766
2634,2633
2675,29
2675,2676
2675,133
626,133
626,424
626,3087
1403,51
1403,198
354,490
354,3062
64,22
64,220
64,47
64,378
64,2104
108,2637
108,2638
108,107
108,697
108,671
108,189
123,2831
123,295
123,2245
123,2231
123,162
123,2739
123,2740
2637,199
2637,2638
2637,108
2649,2650
2649,137
2649,190
2666,2665
2666,1
2666,2664
1946,515
1946,1945
1946,1938
2212,864
2212,160
2212,541
903,2402
903,2404
903,2812
940,2563
940,111
940,2564
1193,136
1193,249
1193,1194
1193,1187
1320,142
1929,1928
1929,1930
1929,514
2317,91
2317,296
77,1476
77,2569
77,1470
77,150
77,1447
77,1443
77,2572
137,674
137,2649
137,2650
137,106
137,1235
137,190
1748,44
1748,279
1748,211
2731,2043
2731,2035
2731,2817
2731,2732
2731,796
20,86
20,268
20,272
20,345
20,479
20,202
20,151
20,150
20,2790
20,3168
688,259
688,42
688,332
688,1290
1150,2784
1150,2781
1150,29
2884,2883
2884,503
71,16
71,2750
71,69
71,232
71,3149
71,3135
71,3140
481,1627
944,3043
944,2569
1397,591
1397,693
1397,146
1397,592
1468,1467
1468,150
2109,213
2109,13
2109,65
2750,2749
2750,16
2750,71
19,29
19,2781
19,2782
19,324
19,136
19,1181
19,1120
186,3031
186,3082
186,1087
186,423
303,897
303,1793
303,84
303,1721
303,2715
303,2370
386,122
386,861
386,541
386,160
386,856
2961,2952
2961,24
2995,24
2995,3001
2995,854
3172,3169
3172,3174
22,522
22,65
22,839
22,2821
22,2822
22,64
22,220
22,378
22,2735
22,2736
191,3039
191,1276
191,678
191,1381
3161,2764
3161,3163
3161,3159
518,1992
518,2003
518,3080
518,1990
2711,117
2711,2712
2711,1606
2711,86
1691,3060
1691,1694
1691,1681
3031,186
3031,3030
367,139
367,118
367,1820
367,1257
367,1256
730,479
730,63
730,202
839,525
839,2821
839,22
839,65
1308,256
1308,1303
2698,2697
2698,262
2698,76
2698,11
69,71
69,400
69,232
69,94
69,2722
69,2723
69,2724
215,34
496,359
496,10
496,1733
496,15
936,230
936,2453
936,2384
1838,1840
1838,118
1838,509
8,1807
8,2639
8,2640
8,43
8,2794
302,2367
302,10
302,769
302,124
2885,907
2885,231
2269,67
3153,3152
3153,3135
3153,3129
358,765
358,32
358,31
358,2802
392,561
392,556
559,886
559,68
559,91
559,2834
1928,1927
1928,1931
1928,1929
1928,1936
1978,814
1978,516
2724,2723
2724,69
2724,362
147,409
147,51
147,1400
147,452
147,263
147,693
324,653
324,136
324,19
324,2782
2801,31
2801,2802
2801,32
2801,2641
2656,3149
2656,3152
2656,3129
2656,2655
2715,303
2715,31
2715,1721
2715,2716
2718,2717
2718,84
2718,765
268,778
268,2791
268,2792
268,86
268,20
268,150
377,821
377,120
377,2042
377,2036
377,2027
521,159
521,121
521,2062
521,1964
1619,1620
1619,63
1936,1928
1936,1926
282,2725
282,1865
282,214
282,119
441,141
441,142
431,666
431,252
431,251
227,67
227,2745
227,2746
227,549
227,550
378,2736
378,22
378,64
378,2104
378,121
378,219
967,244
967,311
1918,1939
1918,5
2599,2598
2599,130
2772,18
2772,2773
2772,1060
2772,2771
1627,481
1627,346
2942,2941
2942,2945
3060,116
3060,3061
3060,1681
3060,1694
3060,1691
3060,355
3060,3063
3104,3115
3104,3099
3104,3125
261,57
261,1347
261,1314
828,218
828,5
1011,314
1011,2630
1904,1903
1931,1932
1931,1960
1931,1930
1931,1928
184,2647
184,54
184,17
184,2594
930,305
930,172
930,2525
697,108
697,2638
697,107
775,2562
775,363
775,1615
2231,123
2231,2
2231,162
45,1980
45,516
45,811
45,6
68,559
68,2833
68,2834
68,887
68,37
68,67
68,2745
197,145
197,258
3089,3087
3089,424
3089,1088
492,82
492,59
279,44
279,1748
346,1627
346,205
346,1625
2525,305
2525,930
2525,403
1980,814
1980,45
2453,2466
2453,936
2746,2745
2746,37
2746,2747
2746,549
2746,227
1,595
1,948
1,411
1,617
1,1053
1,2605
1,317
1,2669
1,2670
1,2671
1,18
1,2664
1,2665
1,2666
2604,948
2604,2605
2604,2617
1176,445
1176,2781
1260,2635
1260,188
2315,2304
2315,887
2784,2783
2784,445
2784,1150
2784,29
325,1201
325,249
325,136
509,1838
509,9
509,118
94,69
94,400
94,570
94,2751
94,2752
94,891
94,3054
2838,2839
2838,50
2838,2837
18,1
18,2671
18,2672
18,1044
18,2771
18,2772
18,2773
18,2774
18,609
61,498
61,278
61,10
61,1736
1058,2771
1058,1060
1058,2777
1058,1044
2741,66
2741,2742
2741,295
3057,3056
3057,300
3082,423
3082,186
3082,3085
3159,3161
3159,3163
3159,3164
3159,2558
3159,3157
143,3045
143,3043
143,145
345,86
345,2713
345,2714
345,272
345,20
2737,2829
2737,3066
2737,2738
26,578
26,50
26,230
26,72
2773,18
2773,2774
2773,1060
2773,2772
1068,2774
1068,2779
1068,2780
1068,1060
1099,314
1099,638
1099,1107
2635,188
2635,1260
2635,2636
2635,327
2696,2695
2696,2636
2696,252
2696,666
3038,444
3038,3039
390,3173
390,2322
390,888
638,55
638,2679
638,2680
638,426
638,314
638,1099
638,1107
1290,688
1290,332
2569,944
2569,1476
2569,77
3173,3169
3173,3174
3173,888
3173,390
21,2716
21,31
21,2641
21,740
21,3
239,2533
239,237
1173,445
1173,2782
1428,1812
1428,199
1428,781
1159,309
1159,646
1159,321
1159,28
1404,453
1404,198
1404,51
1922,371
1922,808
2575,453
2790,150
2790,20
2790,151
2790,2789
284,35
284,805
284,12
284,804
284,1883
855,160
855,24
1689,1688
1689,3072
1689,1684
516,5
516,1978
516,45
516,1877
552,880
552,2278
552,2748
552,297
552,3074
552,66
2319,560
2319,2318
2581,946
2581,1392
2646,2645
2646,2644
2679,55
2679,2691
2679,2692
2679,2680
2679,638
678,191
678,1381
678,3037
678,1276
1172,445
1172,2782
1903,1904
1903,371
1903,1902
1903,1890
2149,532
2149,531
2149,850
1684,1682
1684,1689
1684,3072
1684,3063
1945,1946
1945,1951
1945,5
1945,1939
287,159
550,2268
550,67
550,227
507,9
507,1823
1812,506
1812,199
1812,1428
3095,235
3095,3118
3095,3093
3095,3094
43,506
43,8
43,338
43,2793
43,2794
43,199
119,792
119,214
119,282
990,130
990,992
990,102
1885,802
1885,370
1885,158
2726,2725
2726,2814
2726,1865
86,1606
86,2711
86,2712
86,2713
86,20
86,345
86,778
86,268
693,591
693,409
693,147
693,263
693,146
693,1397
411,96
411,617
411,1
411,948
34,283
34,800
34,87
34,1881
34,215
318,1090
318,2678
318,1111
318,1091
1674,208
1674,349
1694,3060
1694,60
1694,1691
12,216
12,1883
12,284
12,804
12,803
12,513
12,283
12,87
12,800
955,956
955,924
955,597
1706,356
1706,209
1706,1705
2135,89
2135,221
2135,529
3168,151
3168,20
3168,3167
216,158
216,12
260,332
260,42
260,1358
260,57
2814,2813
2814,796
2814,2725
2814,2726
258,443
258,197
258,686
258,1363
258,42
668,73
668,109
804,284
804,1890
804,12
360,157
360,772
570,2752
570,573
570,3054
570,94
2837,2838
2837,50
2925,2944
2925,700
2562,939
2562,775
2785,1181
2785,2786
781,1428
781,199
1682,1681
1682,1684
1682,3063
3154,3158
3154,3155
295,2832
295,2741
295,2742
295,2245
295,123
372,1933
372,285
372,35
2520,403
2520,171
2639,3
2639,2640
2639,8
2653,2804
2653,2805
2653,2806
2653,2654
2653,1662
2653,58
2653,277
312,3046
575,72
575,2477
575,171
575,95
2304,2315
2304,887
211,44
211,1748
1865,282
1865,2726
749,81
749,485
2259,2258
2259,2954
2259,545
3093,3094
3093,3095
3093,3097
9,509
9,213
9,118
9,507
30,1377
30,1346
30,1314
30,681
30,1306
30,256
30,439
30,444
30,1305
3068,2830
3068,3065
3068,3066
609,104
609,18
609,1044
609,315
2813,796
2813,2814
2813,2725
2628,3048
2628,2627
1199,326
1199,2786
2564,940
2564,111
2564,585
2054,814
2054,1973
3044,1471
3044,3045
150,1470
150,1468
150,1467
150,2791
150,268
150,20
150,2789
150,2790
150,77
288,219
288,830
288,2086
288,2072
288,2070
288,520
2664,2666
2664,1
2939,2701
2939,2940
3072,1684
3072,1688
3072,1689
3072,60
3072,3063
3099,3104
3099,3125
3099,928
121,829
121,2087
121,378
121,219
121,159
121,521
121,2065
520,2055
520,288
520,2072
520,5
520,218
520,1971
1044,18
1044,1058
1044,2771
1044,2777
1044,104
1044,609
1381,191
1381,678
2559,3156
2559,3051
2714,2713
2714,272
2714,345
2792,778
2792,268
2792,2791
162,123
162,2
162,2231
162,867
162,294
162,3065
479,20
479,272
479,1605
479,730
479,202
3054,570
3054,94
3054,573
3054,3056
3054,891
3054,300
573,570
573,3054
2616,595
2616,2614
2866,2871
2866,2868
2866,2863
89,2631
89,2135
89,221
190,137
190,2649
190,326
190,249
452,147
452,263
1372,1371
1372,259
1372,1374
2533,239
2533,172
2533,237
2665,103
2665,1
2665,1053
2665,2666
2732,2731
2732,2817
2732,2733
2732,796
2742,2741
2742,66
2742,295
24,855
24,226
24,160
24,864
24,2961
24,2995
24,3001
24,3028
24,3029
24,854
24,48
450,146
450,263
450,76
3051,3050
3051,2559
92,126
92,2320
92,3169
122,538
122,3066
122,3071
122,294
122,861
122,386
122,857
252,2636
252,2696
252,369
252,73
252,431
252,666
2820,47
2820,523
2820,2819
2573,2572
2573,453
2952,2968
2952,2971
2952,2951
2952,2961
2596,17
2596,130
2596,2598
2827,2828
2827,48
2827,2826
1443,77
1443,2651
2104,378
2104,64
2104,47
2055,520
2878,2950
2878,2877
2878,2873
791,366
1711,93
1711,82
2072,288
2072,218
2072,520
232,71
232,400
232,69
1151,29
1151,426
3129,2655
3129,2656
3129,3153
3129,3134
3129,3152
3129,3135
3129,3128
3129,44
59,492
59,116
2766,2634
2766,98
2766,2765
820,2028
820,376
820,46
820,2023
820,2022
2791,2792
2791,268
2791,150
2791,1467
107,108
107,671
107,697
107,1418
107,782
107,106
107,330
1276,191
1276,678
2615,2614
2615,103
2872,2873
2872,2871
453,2575
453,2573
453,198
453,265
453,1404
585,2564
585,111
585,269
585,2567
2768,2767
2768,102
2768,979
2768,241
2882,2949
2882,2883
885,37
885,3078
885,297
961,53
961,412
857,538
857,122
1371,259
1371,1372
2286,299
2286,2318
2286,2287
2286,2285
2503,41
2503,128
2651,1443
2651,2652
2651,1478
2651,148
2651,265
67,91
67,2275
67,68
67,2833
67,550
67,227
67,2745
67,761
67,2268
67,2269
231,907
231,95
231,169
231,2402
231,1780
231,503
538,3066
538,122
538,857
2950,2947
2950,2878
55,4
55,2685
55,2686
55,2687
55,2688
55,638
55,2679
55,314
205,1620
205,1625
205,346
205,3
205,63
805,35
805,1907
805,284
1333,74
1333,255
326,249
326,190
326,1199
2840,50
2840,2839
2636,2635
2636,369
2636,252
2636,2695
2636,2696
2871,2872
2871,2866
3097,3096
3097,3093
3169,92
3169,3172
3169,3174
3169,3173
979,2768
979,102
1762,157
1762,361
556,392
556,393
591,409
591,693
591,1397
591,592
2285,561
2285,2286
2285,2284
2830,3065
2830,3068
2830,2829
2971,2954
2971,2951
2971,2952
2971,2968
3047,3046
3047,2626
29,1151
29,426
29,1150
29,2781
29,2783
29,2784
29,1122
29,19
29,2675
29,2676
29,2677
29,2678
280,368
280,1831
280,1826
280,56
280,109
280,1258
160,541
160,386
160,2212
160,864
160,24
160,855
2632,2631
2632,23
2632,530
2632,225
2617,2604
2617,2605
2617,595
2629,54
2629,2630
1973,2054
1973,5
2322,390
2322,888
2808,2807
2808,80
3035,187
3035,1382
3035,1175
3035,3037
3094,3127
3094,3095
3094,3093
3094,3096
214,282
214,119
214,792
888,390
888,3173
888,2322
1303,1304
1303,1308
2644,2646
2644,208
16,95
16,171
16,918
16,928
16,71
16,169
16,2749
16,2750
181,244
181,180
249,325
249,190
249,326
249,1193
249,1194
490,355
490,354
1279,3037
1279,445
1960,1962
1960,1931
2765,2634
2765,2766
2765,98
40,401
40,2437
40,911
40,126
40,3052
60,2283
60,3061
60,356
60,1694
60,1688
60,3072
975,109
975,313
1090,2678
1090,318
1191,430
1191,653
2594,184
2594,17
139,414
139,118
139,1257
139,367
139,600
595,2614
595,2616
595,2617
595,2605
595,1
595,103
595,1053
1400,51
1400,147
2740,2739
2740,123
2740,3065
3163,3161
3163,3166
3163,3164
3163,3159
53,961
53,412
53,97
53,243
956,41
956,955
956,918
3062,354
3062,3063
3062,2645
2969,2970
2969,2954
2969,2968
3158,3157
3158,3154
327,188
327,2635
327,666
327,2695
327,2693
327,2694
2954,545
2954,2259
2954,2971
2954,2951
2954,2970
2954,2969
2692,2691
2692,2690
2692,2679
2692,2680
2832,295
2832,2831
2370,303
2370,774
2587,1391
2587,262
2587,2697
145,143
145,197
189,108
189,330
189,671
250,251
359,769
359,10
359,496
359,15
808,515
808,1922
37,68
37,887
37,2308
37,297
37,885
37,2278
37,2745
37,2746
37,2747
37,2748
47,2104
47,64
47,523
47,2819
47,2820
1235,106
1235,188
1235,137
2782,1172
2782,1173
2782,324
2782,19
2782,2781
3040,683
3040,3041
3040,257
3127,3126
3127,235
3127,3094
35,1888
35,372
35,285
35,284
35,805
35,1926
35,802
35,370
541,861
541,2212
541,160
541,386
2572,77
2572,2573
2793,43
2793,2794
2793,338
2947,3155
2947,2949
2947,2950
148,2651
148,2652
148,151
148,3167
148,1478
148,457
1705,1706
1705,209
1705,1709
1035,315
1035,104
1035,418
799,5
799,1877
830,219
830,2086
830,288
2534,172
2534,41
2876,2877
2876,278
2876,2809
2876,2873
3001,24
3001,3028
3001,2995
396,124
560,2318
560,2319
560,299
6,45
6,1987
6,1989
6,374
6,811
6,2727
6,2728
1291,259
939,2633
939,2562
1831,280
1831,368
2716,2715
2716,31
2716,21
338,43
338,2793
338,1432
597,955
597,924
597,951
597,952
2693,188
2693,327
2693,2694
803,1893
803,513
803,12
1082,317
1082,2669
686,258
686,1363
686,42
2805,2806
2805,277
2805,2653
272,345
272,2714
272,1605
272,20
272,479
285,372
285,159
285,1927
285,1932
285,35
856,386
856,1668
1823,507
368,790
368,1831
368,280
368,109
1175,3035
1175,187
1175,652
1608,117
1608,363
1721,303
1721,84
1721,31
1721,2715
2944,2946
2944,2925
3029,24
3029,3028
262,2587
262,1391
262,1392
262,449
262,76
262,2697
262,2698
311,967
311,966
311,97
2806,2804
2806,2653
2806,2805
111,940
111,2563
111,2564
111,406
111,1615
111,363
111,200
111,585
111,269
283,12
283,34
1620,1619
1620,1625
1620,205
1620,63
2059,2067
2059,373
2518,578
2518,305
2518,403
2518,72
2802,31
2802,358
2802,32
2802,2801
880,549
880,2747
880,2748
880,552
880,66
1615,775
1615,363
1615,111
200,269
200,111
200,363
200,117
332,1290
332,688
332,42
332,260
349,208
349,1674
349,207
783,188
2065,121
2065,2066
2268,67
2268,550
52,2778
52,2779
52,2780
52,104
52,418
54,184
54,2647
54,4
54,2629
418,104
418,52
418,1035
2035,2043
2035,2036
2035,2817
2035,2731
2437,401
2437,40
2567,585
2567,269
2567,464
2650,674
2650,137
2650,2649
2717,2718
2717,84
255,74
255,1333
255,683
255,680
296,2288
296,2317
296,91
296,38
2825,2826
2825,23
2825,48
2825,384
3115,3125
3115,3104
3115,3096
789,369
789,73
1681,3060
1681,1691
1681,1682
1681,3063
2245,295
2245,123
2951,2954
2951,2953
2951,2971
2951,2952
3065,2830
3065,162
3065,2739
3065,2740
3065,294
3065,3068
3065,3071
3155,3154
3155,2947
13,2132
13,527
13,2129
13,525
13,65
13,213
13,2109
126,40
126,92
126,911
530,23
530,2858
530,225
530,2632
1305,444
1305,30
297,37
297,885
297,3078
297,3076
297,552
297,2278
992,990
992,603
1358,42
1358,260
2627,2628
2627,3046
2763,2764
3071,3065
3071,122
3071,3066
72,26
72,578
72,2518
72,403
72,575
72,2477
72,2463
72,2466
124,302
124,15
124,396
646,321
646,309
646,1159
861,122
861,541
861,386
1423,1425
1423,700
1423,1418
2807,2808
2807,80
220,22
220,2133
220,2822
220,529
220,221
220,64
305,50
305,582
305,172
305,930
305,403
305,2525
305,2518
305,578
503,2884
503,231
503,1780
503,2809
503,2810
514,1929
514,1930
514,812
514,1923
544,2
544,226
544,864
10,2365
10,896
10,498
10,61
10,1735
10,1736
10,496
10,1733
10,302
10,769
10,359
445,1279
445,1382
445,1277
445,1278
445,652
445,1172
445,1173
445,1176
445,2784
966,311
966,97
2003,374
2003,3080
2003,518
2003,1992
2563,406
2563,111
2563,940
3152,2656
3152,3153
3152,3129
81,277
81,1662
81,80
81,58
81,749
600,414
600,139
1668,856
1668,759
2023,2024
2023,820
2023,2022
2023,2734
2028,2027
2028,376
2028,820
2028,2024
2701,1440
2701,2939
2787,265
2787,2788
2787,198
2812,1780
2812,903
2812,2811
44,1750
44,3128
44,3129
44,1748
44,279
44,772
44,211
790,368
790,73
790,109
82,1711
82,93
82,492
82,58
82,2654
356,209
356,1706
356,60
2051,218
2051,2052
2051,828
2598,2596
2598,130
2598,2599
2789,150
2789,2790
2789,151
2789,2652
277,2805
277,1662
277,2653
277,81
277,80
315,609
315,104
315,1035
759,1668
759,207
2087,121
2687,2686
2687,2688
2687,55
172,582
172,237
172,2533
172,41
172,2534
172,305
172,930
1389,76
1389,11
1971,520
1971,5
2642,2641
2642,32
2642,80
2642,740
393,556
393,563
867,162
867,2
951,597
951,952
2712,2711
2712,2713
2712,86
3096,3115
3096,3094
3096,3097
355,3060
355,3063
355,490
426,1107
426,638
426,1151
426,29
28,309
28,1159
28,321
28,2647
28,2648
1890,1903
1890,804
2044,2734
2044,2022
2044,46
886,559
886,91
1187,136
1187,1194
1187,1193
1187,1181
498,896
498,2868
498,61
498,278
498,10
2857,3036
2857,2783
56,1258
56,280
56,1826
56,1833
56,366
56,414
56,313
56,973
66,549
66,552
66,880
66,3074
66,2
66,2741
66,2742
1257,139
1257,367
1257,1256
3125,3099
3125,3104
3125,3115
457,1478
457,265
457,148
457,1440
457,2788
522,65
522,22
522,2735
41,172
41,2534
41,933
74,1403
74,2855
74,2856
74,255
74,1333
142,441
142,257
142,1320
142,439
142,681
3143,2749
3143,905
3030,3031
3030,317
3043,143
3043,944
2968,2969
2968,2971
2968,2952
171,2477
171,403
171,2520
171,918
171,16
171,575
171,95
563,393
563,3061
2738,2737
2738,3066
65,13
65,2109
65,525
65,839
65,22
65,522
2466,72
2466,2453
891,94
891,3054
891,300
2817,2035
2817,2027
2817,2818
2817,2731
2817,2732
157,361
157,1762
157,2655
157,360
652,1175
652,187
652,445
2131,527
2778,1060
2778,2779
2778,52
2778,2777
424,626
424,3087
424,133
424,1088
424,3089
1933,372
637,1122
637,1120
637,1111
117,1608
117,363
117,1606
117,2711
117,200
313,109
313,1258
313,56
313,973
313,975
3066,2829
3066,3068
3066,3071
3066,122
3066,538
3066,2737
3066,2738
1087,186
1087,423
1780,503
1780,231
1780,2811
1780,2812
1780,2810
578,50
578,305
578,72
578,2518
578,26
1989,1990
1989,6
2614,2615
2614,2616
2614,595
2614,103
207,349
207,759
207,1664
230,26
230,2456
230,936
230,2384
2786,1199
2786,2785
1347,57
1347,261
1897,87
1897,513
2036,2042
2036,377
2036,2027
2036,2035
2402,231
2402,903
617,1
617,411
778,86
778,268
778,2792
782,107
782,106
2771,18
2771,2772
2771,1058
2771,1060
2771,1044
198,453
198,1404
198,265
198,2787
198,51
198,1403
373,812
373,1967
373,2059
373,2057
373,1968
120,377
120,821
120,2041
120,217
120,376
120,2040
120,2027
158,1878
158,1885
158,370
158,216
897,15
897,1793
897,303
1664,207
116,59
116,3060
582,50
582,237
582,172
582,305
2779,1060
2779,1068
2779,2780
2779,52
2779,2778
180,181
180,774
1733,10
1733,1735
1733,496
2751,2752
2751,94
2751,400
412,961
412,53
1203,187
1203,430
3157,2558
3157,3159
3157,3158
3157,3156
169,95
169,16
169,2422
169,2749
169,231
2873,2878
2873,2877
2873,2876
2873,2872
2764,2763
2764,3161
2949,2947
2949,2882
58,2653
58,2654
58,82
58,1662
58,81
1930,1931
1930,514
1930,1929
994,2630
1425,2638
1425,1423
219,121
219,378
219,288
219,830
219,2076
219,2075
385,48
385,854
385,535
1987,1994
1987,6
2041,120
2041,821
2735,522
2735,22
2735,2736
3,63
3,205
3,21
3,2639
3,2640
330,189
330,107
330,671
330,674
330,106
202,20
202,479
202,730
202,63
384,2825
384,23
384,532
384,531
1471,464
1471,3044
2641,31
2641,32
2641,2801
2641,2642
2641,740
2641,21
2788,265
2788,457
2788,2787
17,2596
17,2594
17,184
17,130
188,106
188,783
188,1260
188,327
188,2635
188,1235
188,2693
1951,5
1951,1945
2736,2735
2736,22
2736,378
48,2825
48,2826
48,2827
48,2828
48,24
48,854
48,2157
48,535
48,385
48,23
1908,1907
15,124
15,359
15,496
15,84
15,1793
15,897
3080,374
3080,518
3080,2003
444,30
444,1305
444,3038
2463,72
2463,2456
50,2837
50,2838
50,2839
50,2840
50,237
50,582
50,578
50,305
50,26
265,453
265,1478
265,2651
265,457
265,2787
265,2788
265,198
3048,3050
3048,2628
761,38
761,2275
761,67
2739,123
2739,2740
2739,3065
2828,48
2828,2827
430,1203
430,1204
430,1202
430,1191
1902,1903
1902,371
1902,1901
1688,60
1688,3072
1688,1689
2318,560
2318,2319
2318,2286
269,2567
269,585
269,111
269,200
269,464
1478,2651
1478,148
1478,457
1478,265
1824,118
2941,2940
2941,2942
3165,72
3165,3166
141,440
141,441
278,498
278,2809
278,2810
278,61
2727,6
2727,2728
2819,47
2819,2820
159,287
159,829
159,121
159,1962
159,521
159,285
314,4
314,638
314,55
314,1099
314,1011
924,128
924,955
924,597
1201,1202
1201,325
1201,136
1258,109
1258,280
1258,56
1258,313
2648,321
2648,28
2648,11
2648,4
2648,2647
2695,327
2695,2636
2695,2696
2695,666
2748,2747
2748,37
2748,2278
2748,552
2748,880
96,241
96,411
561,299
561,2284
561,2285
561,392
2588,2697
2588,11
3050,3048
3050,3051
3056,3054
3056,3052
3056,3057
3056,300
3087,3085
3087,626
3087,424
3087,3089
506,43
506,1812
506,199
1122,29
1122,637
1893,803
2323,3174
2323,299
263,146
263,693
263,147
263,452
263,450
525,13
525,839
525,65
774,2370
774,180
671,189
671,108
671,107
671,330
674,330
674,106
674,137
674,2650
592,1397
592,591
592,146
592,946
952,951
952,597
2066,2065
2066,2067
2287,2286
2287,2288
2946,2945
2946,2944
128,2505
128,2503
128,235
128,924
309,646
309,1159
309,28
1881,87
1881,34
2086,830
2086,288
2722,3140
2722,69
2722,2723
2722,3128
2877,2878
2877,2876
2877,2873
237,2533
237,239
237,172
237,50
237,582
243,959
243,53
243,20
1278,3036
1278,445
3061,2283
3061,563
3061,60
3061,3060
104,1044
104,2777
104,52
104,418
104,1035
104,609
104,315
409,147
409,591
409,693
31,84
31,1721
31,358
31,765
31,2641
31,2801
31,2802
31,21
31,2715
31,2716
208,2644
208,349
208,1674
1793,15
1793,84
1793,303
1793,897
3128,3129
3128,3134
3128,2722
3128,2723
3128,3140
3128,362
3128,44
802,1888
802,35
802,370
802,1885
1060,2771
1060,2772
1060,2773
1060,1068
1060,2777
1060,2778
1060,2779
1060,1058
2062,521
2062,1965
95,575
95,171
95,169
95,16
95,231
95,907
529,2135
529,221
529,220
529,2133
2283,60
2283,3061
84,15
84,2717
84,2718
84,31
84,765
84,1793
84,303
84,1721
911,40
911,126
439,30
439,681
439,142
439,256
1346,30
1346,1314
1374,1372
1374,259
300,891
300,3054
300,3056
300,3057
300,93
317,3030
317,1082
317,2669
317,1
2829,2830
2829,3066
2829,2737
1750,44
1750,772
2733,2732
2733,2818
2733,2734
2733,796
2822,2821
2822,2133
2822,220
2822,22
3164,3163
3164,3159
257,3040
257,142
2780,1068
2780,52
2780,2779
226,544
226,2
226,545
226,24
226,864
527,2132
527,2131
527,2129
527,13
812,1967
812,373
812,514
2631,850
2631,531
2631,23
2631,2632
2631,89
2883,2882
2883,2884
4,2647
4,2648
4,11
4,2685
4,314
4,55
4,54
42,259
42,1370
42,1368
42,443
42,258
42,686
42,260
42,1358
42,332
42,688
151,2789
151,2790
151,20
151,3168
151,3167
151,148
151,2652
2626,3047
2626,244
2626,898
898,2626
898,244
80,32
80,277
80,2807
80,2808
80,81
80,2642
90,225
90,383
90,292
90,217
1994,1992
1994,1987
3167,151
3167,3168
3167,148
57,260
57,261
57,1347
1368,443
1368,42
523,47
523,2820
740,21
740,2641
740,2642
1968,373
2133,529
2133,220
2133,2822
2723,2722
2723,69
2723,2724
2723,362
2723,3128
11,321
11,2588
11,76
11,1389
11,2697
11,2698
11,2685
11,4
11,2648
294,3065
294,162
294,122
513,803
513,1897
513,87
513,12
1735,10
1735,1736
1735,1733
1883,284
1883,12
829,121
829,159
1256,1257
1256,367
187,1174
187,1203
187,1204
187,1175
187,652
187,3035
2855,198
2855,74
1053,103
1053,595
1053,1
1053,2665
532,384
532,2149
532,850
545,2
545,2258
545,2259
545,2954
545,2970
545,226
905,3143
905,2404
948,411
948,1
948,2604
948,2605
1111,637
1111,318
1965,1964
1965,2062
209,38
209,1709
209,1705
209,356
209,1706
370,1885
370,802
370,35
370,158
3045,3044
3045,143
1826,56
1826,280
1901,1902
1901,371
2745,67
2745,37
2745,68
2745,2746
2745,227
2810,2809
2810,1780
2810,503
2810,361
2810,278
3126,235
3126,3127
535,48
535,385
887,2315
887,2304
887,37
887,68
2678,2677
2678,29
2678,318
2678,1090
3135,3153
3135,71
3135,3134
3135,3140
3135,3129
1476,77
1476,2569
2630,2629
2630,1011
2630,994
2804,2653
2804,2654
2804,2806
2818,2817
2818,2027
2818,2024
2818,2733
256,30
256,439
256,1308
256,1306
256,1304
1314,261
1314,1346
1314,30
1314,1377
3074,552
3074,3076
3074,66
3074,2
1820,367
2638,2637
2638,700
2638,199
2638,1425
2638,108
2638,697
106,330
106,107
106,782
106,1235
106,188
106,137
106,674
1363,258
1363,686
2057,373
2067,2066
2067,2076
2067,2059
383,90
907,95
907,231
73,252
73,369
73,790
73,789
73,668
73,109
73,251
73,1248
2691,2688
2691,2692
2691,2679
681,142
681,439
681,30
1120,19
1120,637
1391,1392
1391,262
1391,2587
2258,2
2258,2990
2258,2259
2258,545
2671,2670
2671,2672
2671,1
2671,18
3076,297
3076,3078
3076,3074
98,2765
98,2766
98,3046
549,227
549,2746
549,2747
549,66
549,880
864,226
864,544
864,24
864,160
864,2212
1091,318
109,73
109,368
109,280
109,790
109,975
109,313
109,1258
109,668
363,111
363,1615
363,1608
363,775
363,117
363,200
2647,28
2647,2648
2647,4
2647,54
2647,184
2690,2692
2690,2680
3052,40
3052,3056
251,431
251,73
251,1248
251,250
973,313
973,56
772,44
772,1750
772,360
130,2598
130,2596
130,2599
130,17
130,102
130,990
1926,35
1926,1936
811,45
811,6
2132,527
2132,13
2365,896
2365,10
2,2231
2,66
2,3074
2,226
2,545
2,2258
2,2990
2,162
2,867
2,544
800,12
800,87
800,34
1962,159
1962,1960
3134,3135
3134,3140
3134,3128
3134,3129
102,130
102,990
102,979
102,2767
102,2768
1470,150
1470,77
2953,2951
3140,3135
3140,71
3140,2722
3140,3134
3140,3128
1932,285
1932,1931
1932,1927
2040,120
2040,376
2833,91
2833,2834
2833,68
2833,67
32,358
32,2801
32,2802
32,80
32,2641
32,2642
46,2044
46,2022
46,820
46,376
46,827
46,286
2811,1780
2811,2812
2811,361
2320,92
2680,2679
2680,2690
2680,2692
2680,638
2777,1058
2777,1060
2777,2778
2777,104
2777,1044
2781,1150
2781,1176
2781,2782
2781,19
2781,29
403,2518
403,305
403,2525
403,171
403,2520
403,72
403,2477
1248,251
1248,73
2774,18
2774,1068
2774,2773
1948,515
2752,2751
2752,570
2752,94
1709,209
1709,38
1709,1705
2868,2866
2868,498
440,141
2052,2051
2052,814
2052,828
2856,1400
2856,74
827,46
827,286
1440,457
1440,2701
1990,518
1990,1989
221,529
221,2135
221,89
221,220
1204,187
1204,430
2605,2604
2605,2617
2605,948
2605,1
2605,595
241,2767
241,2768
241,96
38,296
38,91
38,761
38,2275
38,1709
38,209
76,262
76,449
76,2698
76,146
76,450
76,1389
76,11
443,258
443,1368
443,42
896,2863
896,498
896,2365
896,10
1840,1838
1878,158
1992,2003
1992,518
1992,1994
2686,2685
2686,2687
2686,55
136,324
136,653
136,1201
136,325
136,1193
136,1181
136,1187
136,19
235,128
235,3095
235,3118
235,3126
235,3127
2945,2942
2945,2946
2070,288
2477,72
2477,403
2477,171
2477,575
1877,5
1877,516
1877,799
1938,515
1938,1946
1938,1939
2284,561
2284,2285
2367,302
1606,117
1606,2711
1606,86
1736,10
1736,61
1736,1735
1377,1314
1377,30
3063,355
3063,1681
3063,1684
3063,1682
3063,3060
3063,3072
3063,3062
796,2731
796,2732
796,2733
796,2813
796,2814
2834,91
2834,559
2834,68
2834,2833
2940,2939
2940,2941
217,90
217,292
217,120
682,3041
2505,41
2505,128
3036,3037
3036,1277
3036,1278
3036,2857
374,286
374,2003
374,3080
374,6
946,592
946,449
946,2581
946,1392
401,2437
401,40
406,2563
406,111
1194,1193
1194,249
1194,1187
2027,2036
2027,120
2027,377
2027,2028
2027,2817
2027,2818
2043,2042
2043,2035
2043,2731
2645,3062
2645,2646
199,781
199,1428
199,1812
199,506
199,43
199,2637
199,2638
366,1833
366,791
366,414
366,56
2685,11
2685,2686
2685,4
2685,55
1907,1908
1907,805
2858,23
2858,2860
2858,530
376,120
376,2040
376,46
376,2028
376,820
854,48
854,24
854,2995
854,385
91,2317
91,296
91,559
91,886
91,67
91,2833
91,2834
91,38
91,2275
118,1838
118,509
118,9
118,1824
118,139
118,367
1107,1099
1107,638
1107,426
2422,169
2422,2404
362,3128
362,2723
362,2724
371,1923
371,1922
371,1903
371,1902
371,1901
1807,8
2863,2866
2863,896
225,530
225,2632
225,90
1432,338
1432,700
2783,2784
2783,29
2990,2
2990,2258
603,992
2456,2463
2456,230
2694,2693
2694,327
2734,2733
2734,2024
2734,2023
2734,2044
3039,3038
3039,191
814,2052
814,1980
814,1978
814,2054
2652,1447
2652,2789
2652,151
2652,148
2652,2651
2633,2634
2633,939
2862,41
2862,918
485,749
2278,37
2278,297
2278,552
2278,2748
1927,285
1927,1932
1927,1928
423,1087
423,186
423,3082
700,2925
700,1432
700,1423
933,41
2042,377
2042,2036
2042,2043
2275,38
2275,91
2275,67
2275,761
3046,98
3046,2627
3046,3047
3046,312
259,1374
259,1372
259,1371
259,1370
259,688
259,42
259,1291
765,84
765,2718
765,358
765,31
1418,1423
1418,107
1895,87
1895,5
2669,317
2669,1082
2669,2670
2669,1
3166,3165
3166,3163
369,73
369,789
369,252
369,2636
1382,3035
1382,445
1088,424
1088,3089
1392,2581
1392,946
1392,449
1392,262
1392,1391
218,520
218,2072
218,828
218,5
244,2626
244,898
244,181
244,967
1304,1306
1304,256
1304,1303
2697,262
2697,2587
2697,2698
2697,11
2697,2588
3149,71
3149,2656
2157,48
2157,2860
2157,23
2655,2656
2655,3129
2655,157
959,86
959,243
959,20
598,97
1467,2791
1467,150
1467,1468
3174,3173
3174,3169
3174,3172
3174,2323
63,202
63,730
63,1619
63,1620
63,205
63,3
531,850
531,2149
531,384
531,23
531,2631
1181,136
1181,1187
1181,2785
1181,19
2860,23
2860,2157
2860,2858
3041,682
3041,3040
87,12
87,513
87,1897
87,5
87,1881
87,1895
87,34
87,800
680,255
821,2041
821,120
821,377
918,2862
918,16
918,171
2558,3159
2558,3157
2677,2676
2677,29
2677,2678
2677,133
93,300
93,82
93,1711
515,1948
515,1938
515,1946
515,808
464,269
464,2567
464,1471
653,1191
653,136
653,324
2670,2669
2670,2671
2670,1
146,592
146,1397
146,693
146,263
146,450
146,76
146,449
449,946
449,1392
449,146
449,76
449,262
2640,2639
2640,3
2640,8
2654,2804
2654,82
2654,58
2654,2653
2713,2712
2713,2714
2713,86
2713,345
2767,102
2767,2768
2767,241
2821,839
2821,2822
2821,22
286,827
286,46
286,374
666,327
666,252
666,2695
666,2696
666,431
1939,1938
1939,1945
1939,5
1939,1918
1967,373
1967,812
2747,2746
2747,37
2747,2748
2747,549
2747,880
2839,2840
2839,50
2839,2838
3037,678
3037,3035
3037,1279
3037,3036
51,1404
51,198
51,1403
51,1400
51,147
321,1159
321,646
321,11
321,2648
321,28
1625,346
1625,205
1625,1620
1833,366
1833,56
1306,30
1306,256
1306,1304
1370,42
1370,259
