612,2795
612,1646
612,2793
2748,2749
2748,6481
7556,1918
7556,6827
14875,7308
14875,8953
17,32
17,1867
17,272
17,472
17,3507
17,63
17,208
17,61
17,1225
17,9785
1472,190
1472,738
1472,5380
1472,5316
1472,1054
1472,1047
1472,6696
1472,6697
5266,1047
5266,1463
5266,2322
1479,738
1479,1070
1479,1067
1479,5373
1479,1054
3500,7440
3500,1241
3500,6410
332,1068
332,6709
332,6814
332,740
332,444
332,560
13986,13983
13986,7776
1102,5789
1102,190
1102,6556
1102,5791
1102,1504
2210,51
2210,2703
272,9798
272,9799
272,86
272,6654
272,3518
272,17
272,1867
6499,4746
6499,9746
6499,704
6499,7568
7345,8953
7345,14876
7345,14837
13677,1361
13677,4462
13677,6893
13677,13675
13677,14847
13677,14848
6536,103
6536,1039
6536,6537
6536,188
6436,1276
6436,488
6436,3834
6436,6437
6436,479
155,16
155,3434
155,3433
155,7700
155,1846
155,118
347,5100
347,1440
347,1441
347,6213
347,202
347,6322
347,6319
347,6320
2227,8924
2227,7392
2227,7401
2227,7393
2227,6514
638,60
638,635
638,257
638,1206
638,1193
3381,643
3381,822
3381,116
3381,361
6971,7532
6971,7533
6971,6849
6971,6976
6971,1353
7343,7344
7343,969
371,660
371,158
492,3880
492,377
492,669
492,14001
492,14002
492,1957
492,1284
492,662
492,14852
7769,2985
7769,1214
7769,7767
13637,13636
13637,13639
13637,13630
821,58
821,1890
821,2953
821,1168
1683,1172
1683,2970
1683,468
1683,2969
1683,1208
3373,1831
3373,468
3604,7740
3604,7742
3604,7434
3604,1250
4240,126
5383,1067
5383,1068
5383,1053
5383,736
374,490
374,923
374,1964
374,928
374,87
374,160
374,6440
374,283
3352,1684
3352,3329
3499,1241
3499,1242
3499,890
3499,6411
6326,7565
6326,7568
6326,704
6326,6327
6326,2713
11412,11411
11412,11415
11412,11416
11412,11410
4879,1008
4879,1416
4879,532
4879,2181
895,3538
895,9799
895,3530
895,3529
895,3528
895,9795
895,9797
2243,13879
2243,5058
2243,7390
2243,5034
6456,7450
6456,6457
6456,4050
6456,4051
7451,14848
7451,6457
14849,14830
14849,4069
14849,14850
99,716
99,4903
99,181
99,12
99,35
445,349
445,705
445,4692
445,4693
445,56
445,1347
1169,158
1169,653
1169,6426
1169,616
1169,820
1169,2951
13970,6954
13970,13973
964,4282
964,7277
964,4283
964,7275
2919,1670
2919,6332
2919,2918
6440,374
6440,160
6440,6441
6440,87
7444,1941
7444,6663
552,1467
552,6555
552,412
552,5322
552,735
552,6212
1684,2975
1684,2972
1684,1172
1684,3352
1684,3329
246,2821
246,1153
1242,1241
1242,6412
1242,6413
1242,9796
1242,3499
1242,890
3482,1239
3482,6411
6542,6539
6542,6543
6542,2293
14038,14036
14038,398
14038,9746
283,373
283,490
283,374
283,87
283,488
283,372
688,385
688,4277
688,962
688,1323
1967,7328
1967,6963
1967,3890
7263,4126
7263,7261
7263,7262
931,3933
931,3928
4277,688
4277,962
4277,509
4277,1323
7397,1016
7397,8928
7397,4992
7397,8930
10971,11061
10971,11015
10971,11375
10971,11388
10971,11417
10971,10957
14711,14710
14711,14713
14711,11017
14711,10981
14711,11029
14711,11119
14711,10954
14711,10980
14711,11028
444,332
444,2402
444,1130
444,6566
444,740
641,3375
641,208
641,20
641,153
4693,349
4693,994
4693,705
4693,445
14863,1948
14863,14852
14863,213
5199,409
5199,1462
5199,1456
5199,2297
6291,6290
6291,317
6291,4977
6291,6512
6291,132
6291,535
6425,6424
6425,3703
6425,158
6425,615
6425,3573
7435,7742
7435,479
11377,11388
11377,11378
11377,11417
11377,11376
1978,1286
3421,1232
3421,267
7565,4687
7565,7568
7565,2713
7565,6326
7565,1143
7565,7504
11099,11388
11099,10996
11099,11311
11099,11378
11099,11417
11337,11336
11337,10954
11337,10958
11337,11338
12212,11403
12212,11406
12212,11329
12212,12211
7527,7340
7527,7344
6406,1851
7504,7503
7504,7565
7504,1143
7504,56
6663,7444
6663,6664
6663,6662
7440,891
7440,3500
388,14869
388,7331
388,6855
388,6957
3331,871
3331,3322
3331,3199
4075,945
4075,14020
4075,292
4075,7457
6411,6410
6411,1241
6411,3499
6411,890
6411,3482
7771,7773
7771,7772
7771,7321
9799,895
9799,9795
9799,1255
9799,272
9799,6654
9799,9798
5000,134
5000,1426
5000,6290
6865,7374
6865,174
6865,9752
7568,6499
7568,704
7568,6326
7568,7565
6423,6422
6423,1253
6423,1252
6423,1251
6423,3598
6423,905
7357,13086
7357,7358
14864,14852
206,116
206,617
206,9790
206,9791
206,3364
206,1221
206,3360
206,257
994,8936
994,705
994,4694
994,349
994,4693
1232,3421
1232,3422
1232,268
1232,267
2691,2688
2691,1036
2691,348
2749,2750
2749,6481
2749,2748
4153,680
4153,674
4351,968
4351,2055
292,4075
292,7360
292,14020
292,7356
292,7457
390,174
390,301
390,392
390,4515
390,14826
1288,214
1288,288
1288,65
8901,8909
8901,8910
8901,8893
8901,8902
8901,8899
10962,10973
10962,11405
10962,11409
10962,10961
11376,11388
11376,11377
11376,11417
11376,11375
1990,674
1990,3982
3465,63
3465,20
4694,8936
4694,994
4694,349
4694,169
7521,7496
7521,7259
7521,7523
9795,9797
9795,895
9795,9799
9795,9794
11029,14711
11029,11017
11029,11119
13963,13962
13963,7328
13963,3890
13963,7423
13963,8912
35,177
35,2175
35,312
35,9741
35,9742
35,99
35,4903
35,4796
35,1402
35,399
35,12
35,1000
35,6500
372,488
372,6437
372,283
372,87
372,1275
372,906
2713,7565
2713,6326
2713,1143
266,117
266,6788
266,1239
266,9790
266,643
266,822
3994,1996
6893,13677
7313,7707
7785,7784
7785,7780
909,7320
909,13965
909,3709
909,86
7486,7308
7486,7422
11328,11353
11328,11396
11328,11327
11397,7753
11397,11398
11397,7752
190,5789
190,568
190,2375
190,5380
190,1472
190,6696
190,1102
190,6556
190,6557
6494,7784
6494,220
6494,6495
6494,4716
7741,6910
7741,8905
7741,8906
7741,7742
7741,7739
608,2694
608,1634
608,348
608,1137
608,2680
608,184
608,2695
1920,3745
1920,655
1920,367
8942,397
8942,8939
8942,1390
8942,8941
8942,6816
282,1269
282,3806
282,6308
282,3808
282,487
282,815
282,3799
603,1456
603,5194
603,225
603,6312
603,2294
603,1630
447,13972
447,6972
447,2804
5270,1042
5270,5307
5270,1466
6226,657
6226,1930
6226,18
6226,53
6479,6478
6479,175
6935,7558
6935,6937
6935,6934
6935,1147
11062,11418
11062,11288
11062,11318
2907,660
2907,14824
8959,8960
8959,9779
8959,6239
8959,7493
10965,10959
10965,11128
10965,11032
10965,11076
2920,1671
2920,6640
2920,6332
2920,1670
6954,7516
6954,7517
6954,7329
6954,7513
6954,7514
16,62
16,6403
16,3434
16,9761
16,155
16,118
16,9711
8905,7727
8905,8907
8905,8906
8905,7741
3573,615
3573,6425
3573,158
3573,819
6321,6320
6321,6322
6321,6323
6321,796
6321,8922
11418,11417
11418,11312
11418,11288
11418,11062
11418,11317
11418,11318
11418,13961
11418,11416
14036,36
14036,398
14036,6502
14036,14038
158,3573
158,3703
158,910
158,6425
158,371
158,820
158,653
158,3737
158,1169
158,819
158,1680
321,539
321,2247
321,1022
321,2248
321,320
321,2234
321,1432
6665,1942
6665,6664
73,1018
73,7563
73,12
117,268
117,267
117,6787
117,6788
117,361
117,643
117,266
117,9775
117,9776
219,7780
219,7784
219,301
219,4517
219,174
219,4515
5465,1075
5465,2397
5465,1071
5465,568
8914,8913
8914,8899
8914,8890
8914,8916
12211,11403
12211,12212
12211,11255
12211,11329
12211,11391
962,688
962,2048
962,1344
962,509
962,4277
1028,547
1028,188
1028,6624
1028,345
1028,244
4245,1335
4245,961
4245,1155
6458,954
6458,6459
6458,6229
13879,13630
13879,13880
13879,2243
13879,7383
13879,7385
13879,7386
14001,14002
14001,14007
14001,4001
14001,7348
14001,1997
14001,669
14001,3998
14001,492
1957,492
1957,1284
1957,491
1957,14852
1644,6925
1644,6941
2370,740
2370,1130
2370,7292
2370,566
2370,5432
7762,7761
7762,7764
7762,6787
7762,1238
9765,13315
9765,366
9765,1248
9765,6414
87,283
87,374
87,6440
87,6441
87,6442
87,213
87,1278
87,372
87,1275
87,3825
2900,1161
184,2695
184,608
184,2680
184,607
184,1630
184,6635
184,7576
208,1225
208,17
208,1223
208,63
208,20
208,641
2293,188
2293,6539
2293,6542
2293,6543
2293,1034
2293,345
2293,6625
2947,277
2947,6335
2947,58
2947,649
7562,7559
7562,1025
32,9791
32,9794
32,1867
32,9798
32,17
32,61
32,617
1130,444
1130,6566
1130,7292
1130,740
1130,2370
3538,3537
3538,895
14835,14837
14835,14355
14835,4296
329,1047
329,5316
329,1054
329,736
329,6313
329,409
329,1462
3703,910
3703,158
3703,6425
7320,3725
7320,909
4074,13089
4074,7458
6784,14701
6784,6786
6961,7427
6961,6962
6961,3939
6961,494
2745,609
2745,2750
2745,2743
2950,819
2950,1680
2950,277
2950,473
7748,7747
7748,8910
7748,7746
735,552
735,5322
735,1475
735,328
735,6212
2185,712
2185,72
2185,1008
7753,6786
7753,11397
7753,7751
14356,14355
14356,14891
14356,7363
14356,7369
14356,7370
7450,14848
7450,6456
118,16
118,155
118,3415
118,3387
118,6306
118,1827
6884,6883
8906,8905
8906,8908
8906,6910
8906,13988
8906,7741
810,1655
810,1330
4001,7348
4001,14001
7572,316
7572,7569
11398,11397
11398,7747
11398,7752
1143,56
1143,7504
1143,2713
1143,7565
1143,7448
1143,609
1161,2900
1161,3782
1161,2902
1161,2898
1161,2896
3725,815
3725,7320
4905,36
4905,535
4905,132
4905,310
6813,6810
6813,6706
6813,6814
6813,1068
6813,1067
815,1269
815,282
815,3799
815,3725
14826,390
14826,6206
9784,61
9784,9785
9784,1223
9784,9787
2175,1405
2175,9741
2175,35
2175,177
4540,4538
14375,7270
14375,7273
14375,14377
14375,14378
1024,2670
1024,547
1024,244
1024,2665
2181,1008
2181,4879
2181,532
2181,4868
4418,6913
4418,7273
7512,7508
7512,7510
6913,7409
6913,4418
7406,7405
3799,815
3799,282
6470,56
6470,6471
6470,4283
2786,6930
2786,6924
7266,7259
7266,7267
7266,7334
7266,7336
7508,7494
7508,7515
7508,7509
7508,7512
610,1145
610,7267
610,7417
4282,690
4282,964
4282,7277
10985,10942
10985,10969
10985,10956
11288,11418
11288,11062
2066,1362
2066,173
2066,6901
2066,6948
3321,3322
3321,871
3321,6650
3321,6380
3360,116
3360,206
3360,257
3360,60
1214,1819
1214,3350
1214,2985
1214,7767
1214,7769
1214,359
1214,873
2029,126
2029,1327
4772,177
4772,1000
4772,6684
4772,2155
6771,13638
6771,6770
9723,9722
11226,10969
11226,11237
11226,11227
4618,8939
4618,6816
4618,4617
4618,4615
6816,4615
6816,4618
6816,8939
6816,8941
6816,8942
6816,8943
6816,169
7438,7734
7438,1241
14884,14893
14884,7363
6543,6542
6543,6544
6543,2293
6637,1347
6637,445
6637,56
6637,6636
202,347
202,6213
202,103
202,188
202,547
202,2670
202,796
202,6322
202,6323
406,8920
406,8922
406,795
406,5042
406,1019
6328,6327
6328,6492
6328,6493
6328,6329
14262,14356
977,6471
977,56
977,508
977,7539
11312,11311
11312,11417
11312,11418
69,166
69,94
69,4166
69,3977
69,68
69,351
7366,7368
7366,7364
7366,14842
11417,10957
11417,10971
11417,11375
11417,11376
11417,11377
11417,11378
11417,11099
11417,11311
11417,11312
11417,11418
11417,11415
103,328
103,6213
103,1039
103,188
103,6536
103,202
873,1819
873,1214
873,359
873,1213
873,1818
1828,61
1828,9787
1828,9782
1828,467
3706,6655
3706,1255
3845,1278
3845,6443
3845,1279
3845,1948
1404,310
1404,4856
1404,177
6429,6428
6429,654
6429,483
6429,1909
7259,7521
7259,7266
7259,7331
7259,13995
2703,2210
2703,51
2703,1410
6928,1153
6928,6930
6928,7485
60,3315
60,9774
60,9776
60,116
60,3360
60,257
60,638
60,635
60,1806
1305,6959
1305,4108
6320,6319
6320,347
6320,6322
6320,6321
6320,8921
6320,8922
8880,13955
8880,8878
8880,7353
8880,7354
8882,10952
8882,7776
8882,8884
8884,8882
8884,7775
8884,10942
8915,8913
8915,8916
8915,6408
547,202
547,188
547,244
547,1028
547,1024
547,2670
6526,187
6526,6292
7261,6330
7261,6331
7261,7263
11326,11168
11326,14707
11326,11008
11326,11339
11326,11325
367,912
367,3738
367,1920
367,655
367,1909
367,6236
367,6428
367,58
367,6427
1960,18
2048,1344
2048,962
6236,367
6236,1909
6236,6237
6236,58
6236,1890
6539,6538
6539,6542
6539,2293
6539,188
10980,10954
10980,14711
10980,11028
10980,11016
1410,528
1410,2703
1410,51
2757,7484
6780,968
6780,1353
6950,8876
6950,7496
7509,7508
7509,4367
7509,4334
7509,2054
6696,190
6696,1472
6696,6697
6696,1042
6696,6557
8920,8919
8920,8922
8920,406
9776,9775
9776,117
9776,361
9776,60
9776,116
9776,9774
4522,6883
8878,13955
8878,1362
8878,6948
8878,8880
8893,8910
8893,8895
8893,8894
8893,8901
310,36
310,132
310,4905
310,1404
310,177
310,6503
11236,11237
11236,11235
11236,11227
929,3944
929,6449
929,351
929,18
7514,7513
7514,6954
7514,6953
7569,7573
7569,7572
7569,133
7569,316
7569,72
7569,6691
10957,11061
10957,10971
10957,11415
10957,11417
10957,10963
6427,6426
6427,912
6427,367
6427,58
6427,616
6785,6786
13961,11416
13961,11418
13961,11317
13961,13960
361,117
361,643
361,3381
361,116
361,9776
2974,2975
2974,2977
2974,3362
2974,2972
7385,7383
7385,13879
7385,7386
7385,5027
7439,7734
7439,6412
11343,11341
11343,10970
324,111
5058,111
5058,7390
5058,2243
6514,2227
6514,7393
6514,6515
910,6826
910,6827
910,158
910,3703
4882,528
4882,128
7454,4034
7454,4026
11076,10959
11076,10965
11076,10972
655,1920
655,3745
655,3788
655,654
655,367
655,6428
3530,895
3530,3529
3530,6413
9774,9773
9774,9776
9774,60
9774,256
9774,3315
13675,13677
13675,945
13675,13674
320,321
320,2248
320,112
320,7563
320,1430
320,1018
320,1432
320,181
7484,1147
7484,2757
1008,2185
1008,72
1008,1416
1008,2181
1008,4879
1287,669
1287,1984
1287,375
1287,1284
3544,157
3544,7702
8924,8925
8924,7395
8924,7399
8924,7401
8924,2227
11367,10956
11367,11368
6309,661
6309,6308
6959,7317
6959,1305
7417,610
7417,7421
7417,7422
7461,7460
7461,3933
816,1673
816,2923
816,1674
816,817
816,6640
816,6642
816,6643
1956,491
1956,65
1956,659
7425,668
7425,1968
13639,13638
13639,13630
13639,13632
13639,13637
1630,607
1630,603
1630,5194
1630,184
3939,6961
3939,14006
3939,377
3939,494
4856,1404
4856,1405
6400,1818
6400,6401
3364,206
3364,1221
3364,639
3364,257
6468,6469
6468,173
7763,7764
7763,7761
820,1680
820,158
820,1169
820,2951
820,6334
820,277
954,683
954,6458
954,6228
954,6229
4877,7790
4877,712
4877,531
4877,7796
7573,4986
7573,7569
7573,72
4861,4866
4861,532
4861,711
4861,709
6334,820
6334,616
6334,2951
6334,6335
6334,277
11400,1362
817,1674
817,2929
817,2930
817,13316
817,816
1307,7315
1307,939
2003,4036
2003,7455
6670,7315
6670,2012
7751,6786
7751,7753
7751,7752
9794,9796
9794,9795
9794,32
9794,9798
9794,9791
2896,1161
5028,5034
5028,7389
5028,7392
5028,7393
6654,1255
6654,9799
6654,6655
6654,86
6654,272
7401,7399
7401,7403
7401,7404
7401,7392
7401,2227
7401,8924
11353,11354
11353,11396
11353,11328
1392,305
1392,996
1392,9722
1392,524
1649,2833
1649,1650
1649,2834
1649,510
1649,2048
6673,6672
6673,7352
7460,4108
7460,7461
316,7569
316,7572
316,7576
316,1423
316,5009
316,6516
316,133
316,2223
705,4693
705,994
705,7501
705,4692
705,445
798,201
798,1618
3528,3529
3528,895
3528,9797
3528,6413
491,1957
491,14852
491,1284
491,375
491,1956
491,65
491,661
6424,86
6424,6826
6424,6425
6424,615
11391,11384
11391,11403
11391,12211
11391,11392
11391,11389
359,1213
359,873
359,1214
359,7767
359,9769
7432,373
7432,1276
7432,7431
712,7790
712,72
712,2185
712,531
712,4877
1054,1472
1054,738
1054,1479
1054,5373
1054,736
1054,329
1054,5316
6976,1353
6976,6971
6976,6977
6976,6975
6976,4322
1159,812
1159,4357
1159,14377
13880,13630
13880,13633
13880,13879
1252,7434
1252,479
1252,1898
1252,1253
1252,6422
1252,6423
3420,1233
6557,6556
6557,190
6557,6696
6557,1042
6557,5307
1068,1067
1068,6813
1068,6814
1068,332
1068,560
1068,1053
1068,5383
2248,1022
2248,112
2248,320
2248,321
6697,6696
6697,1472
6697,1047
6697,1042
7707,684
8876,11410
8876,173
8876,1362
3737,158
3737,653
9782,467
9782,1828
9782,9787
9782,9781
9782,6396
14007,14006
14007,14001
14007,377
14007,14002
8912,8911
8912,1965
8912,13962
8912,13963
8912,7428
8912,8907
8912,8908
1218,3362
1218,468
1218,9773
1218,3358
2821,246
6513,6512
6513,536
6513,2213
11028,10980
11028,14711
11104,10954
11104,11070
14872,1362
14872,14866
1071,568
1071,5465
1071,2397
1071,1070
1071,738
1071,2375
4866,532
4866,4861
6662,6663
6662,487
7369,4296
7369,14355
7369,14356
7369,7370
7369,6462
7369,6463
14852,1279
14852,662
14852,1957
14852,492
14852,491
14852,14854
14852,14856
14852,14858
14852,14860
14852,14862
14852,14863
14852,14864
2638,111
2638,2637
7448,1143
7448,6480
1466,2500
1466,5310
1466,5270
1466,5269
1466,1505
1890,58
1890,6236
1890,6237
1890,2953
1890,821
2500,1504
2500,5310
2500,1466
2500,5793
2500,1505
14860,14852
14867,14870
14867,14869
14867,7520
9761,62
9761,9759
9761,3434
9761,16
945,13675
945,4075
945,7457
7536,1332
7536,4218
14377,14375
14377,14378
14377,4357
14377,1159
1918,7555
1918,7556
4036,2002
4036,944
4036,4052
4036,4035
4036,2003
8911,8912
8911,7727
10956,10942
10956,10985
10956,11367
10956,11368
10956,11394
14858,14852
201,1025
201,7563
201,6292
201,798
201,1618
2948,58
2948,1168
1137,348
1137,1035
1137,2680
1137,608
1147,6934
1147,6935
1147,7484
3816,6308
3816,2904
3816,1941
7767,1214
7767,7769
7767,359
1309,7405
1309,7315
1968,3923
1968,7425
1968,494
1968,928
1968,3894
2002,4049
2002,4051
2002,4052
2002,4036
7368,7370
7368,7363
7368,7366
7368,1158
8902,8901
8902,8894
8902,7734
8902,8900
10954,10958
10954,11115
10954,14710
10954,14711
10954,11104
10954,11070
10954,11016
10954,10980
10954,11337
10954,11338
11051,11081
11051,10942
11051,11396
11051,11354
311,2203
311,711
311,715
311,6509
311,4858
311,128
311,4863
13089,13088
13089,7458
13089,4074
13089,13086
174,4517
174,7782
174,219
174,4515
174,390
174,4485
174,6865
174,7374
1393,220
1393,129
1393,6288
1393,707
4999,1015
4999,1432
4999,536
7353,8880
7353,7354
7353,13987
94,124
94,4166
94,448
94,2863
94,956
94,69
345,1028
345,6624
345,6625
345,2293
345,1034
345,244
345,112
4202,1325
4202,7537
14870,14866
14870,7523
14870,7331
14870,14869
14870,14867
1022,346
1022,2248
1022,112
1022,321
1387,392
1387,521
1387,397
1387,8939
1387,4516
2873,6829
2873,812
11045,11394
11045,11351
11045,11140
568,1075
568,5465
568,2375
568,1071
568,190
2930,6237
2930,817
9798,9794
9798,9799
9798,1867
9798,272
9798,32
6878,173
6878,6469
6878,11410
6878,6881
4166,166
4166,124
4166,94
4166,69
6228,683
6228,954
6228,6229
6228,3990
6228,497
6246,5426
6246,5427
6246,566
6246,5432
6246,328
7405,1350
7405,7406
7405,1309
11122,10972
3995,4001
3995,3982
6447,6446
6447,68
6447,6448
6447,18
6687,398
6687,6503
6687,177
6687,6686
6849,969
6849,6977
6849,6971
6881,6878
6881,6883
13315,9767
13315,9768
13315,9765
36,1140
36,134
36,535
36,310
36,4905
36,6502
36,14036
3598,905
3598,6423
3598,1251
3598,904
6414,9763
6414,1248
6414,9765
6414,6416
6414,6278
7739,7741
7739,7740
7739,8895
7739,8896
13083,13082
716,4973
716,2213
716,181
716,99
716,312
716,4903
808,809
808,2847
808,1650
808,2837
808,1651
808,7710
1474,1053
1474,560
1474,412
1474,5340
1474,5321
6846,968
7745,7752
7745,7747
7745,7746
8896,8895
8896,7739
8896,7740
8896,7736
8896,8894
133,6690
133,6691
133,7569
133,316
133,2223
133,7299
133,7301
133,532
133,1416
2037,95
2037,4258
2037,168
2037,297
2866,4273
2866,4272
2866,1331
2866,2028
7360,14016
7360,7355
7360,292
7360,14020
795,8922
795,796
795,406
4811,4813
4811,1406
4811,6288
7775,8884
7775,7776
7775,7773
1610,560
1610,740
1610,1132
6457,6456
6457,7451
6457,7452
6457,944
6457,4052
11354,11051
11354,11396
11354,11353
13972,13973
13972,447
1670,1671
1670,2920
1670,2919
13987,7353
13987,13983
14355,14835
14355,14882
14355,14356
14355,7369
1671,2926
1671,2925
1671,2920
1671,1670
7389,5034
7389,7390
7389,8944
7389,5028
639,257
639,3364
639,1221
639,259
1238,3476
1238,7761
1238,7762
1238,6787
1238,268
1238,3422
2054,4334
2054,7509
2054,6840
14378,14375
14378,14377
2322,5266
2322,1463
2322,348
6330,6331
6330,7261
6449,6448
6449,68
6449,3944
6449,929
6449,18
3472,888
3472,6788
4746,9746
4746,398
4746,704
4746,6499
6267,6266
6267,7485
11489,11629
11489,11769
11489,11488
2928,58
2928,821
2928,2923
2928,1673
6469,6468
6469,6878
6469,173
8939,1387
8939,397
8939,8942
8939,4618
8939,6816
11766,11470
13636,6632
13636,6633
13636,13638
13636,13637
4345,968
4345,7705
4367,6953
4367,7466
4367,7509
6420,6418
6420,53
6420,6421
6420,366
6840,7511
6840,2054
6840,7317
6840,7318
1339,4200
5009,316
5009,7576
5009,1016
5009,6516
1652,2844
1652,1653
1652,1650
1652,2834
3808,282
3808,6308
3808,487
7327,3928
7327,7328
4796,35
4796,1402
11190,11008
11190,10942
11190,11182
6446,68
6446,6447
6446,18
6509,6508
6509,4941
6509,8930
6509,715
6509,311
14876,14877
14876,7345
1330,448
1330,1655
1330,810
1330,2863
8909,8910
8909,8899
8909,8901
8909,8913
373,13988
373,13989
373,490
373,7429
373,488
373,283
373,1276
373,3834
373,7432
1253,1898
1253,1252
1253,906
1253,1251
1253,6423
4873,2183
4873,2184
4873,220
9791,9790
9791,9794
9791,32
9791,617
9791,206
10952,11384
10952,10970
10952,11389
10952,11341
10952,10942
1153,246
1153,6928
4833,399
5793,2500
5793,1505
95,1371
95,4258
95,302
95,515
95,175
95,1335
95,168
95,2037
6329,6328
6329,6493
6329,1141
6329,1381
6329,2712
8907,7727
8907,8912
8907,8908
8907,8905
4800,1400
4800,305
4800,2164
6421,6420
6421,53
6552,6313
6552,733
6552,6553
6552,225
2689,1505
2689,1138
2689,6191
1650,808
1650,2844
1650,1652
1650,2834
1650,2833
1650,1649
1650,1651
4276,681
4276,385
4276,1323
4276,296
6322,347
6322,202
6322,6323
6322,6320
6322,6321
1371,4577
1371,302
1371,95
1371,4258
4023,6964
4023,941
4023,668
6537,6536
6537,6538
6537,188
6684,1000
6684,6500
6684,4772
7395,8928
7395,9754
7395,7399
7395,8924
14842,7366
14842,14845
944,4052
944,6457
944,7453
944,4036
944,4035
944,4034
9768,9767
9768,3566
9768,366
9768,13315
11314,11313
11314,11384
11314,11366
11314,10945
14823,14820
14823,161
4357,14377
4357,1159
6312,1456
6312,1462
6312,6313
6312,225
6312,603
7340,7336
7340,13997
7340,7527
7452,13674
7452,6457
296,681
296,4276
296,1323
296,680
296,7348
904,905
904,1251
904,3599
904,3598
904,3590
4986,7573
4986,72
6465,6464
6465,7270
6465,6975
7424,3890
7424,923
7308,174
7308,7782
7308,14877
7308,7486
7308,14875
7538,7539
2685,1138
8916,8915
8916,8914
8916,8888
8916,6409
220,7784
220,2183
220,4873
220,2184
220,1393
220,707
220,6494
220,6495
3415,118
3415,6306
7742,7741
7742,6910
7742,3604
7742,7435
7742,7740
10961,10962
10961,11403
10961,11405
10961,11384
153,6397
153,9781
153,3375
153,641
153,20
1158,7368
1158,1350
1239,888
1239,3484
1239,6788
1239,6410
1239,3482
1239,266
1402,35
1402,399
1402,4818
1402,4796
6630,6631
6630,8921
6630,6629
11392,11391
11392,11255
11392,11389
566,2370
566,5432
566,2369
566,7292
566,6246
4065,4050
4065,4048
4941,8930
4941,1011
4941,715
4941,6509
6826,6824
6826,6827
6826,910
6826,6424
7559,1443
7559,2286
7559,7562
7559,112
3333,9769
6664,6665
6664,6663
11335,10958
11335,11336
11389,11384
11389,11391
11389,11392
11389,10970
11389,11251
11389,10952
487,282
487,3808
487,6662
487,7443
487,7555
4868,2181
6288,1393
6288,4811
6288,6289
6288,129
6812,6811
6812,6810
6812,2397
7376,7375
7376,7374
7376,13081
7492,939
2069,7782
2069,7374
2069,4501
2069,6883
6448,6447
6448,68
6448,6449
6448,18
6910,8906
6910,7433
6910,7741
6910,7742
6921,6266
7520,14867
7520,7516
11406,11405
11406,11409
11406,11329
11406,11330
11406,12212
56,445
56,4692
56,7503
56,7504
56,1143
56,609
56,977
56,6470
56,6471
1381,6329
1381,2712
1381,6482
1381,302
3419,1233
3419,3407
7428,8912
7428,7430
9403,169
9403,9401
1331,1338
1331,1332
1331,2866
4024,7358
4024,8948
4531,4538
4531,4533
7318,6840
7318,6843
7318,7317
1867,9798
1867,272
1867,17
1867,32
3825,1275
3825,87
3825,213
2951,820
2951,1169
2951,616
2951,6334
132,535
132,4905
132,6291
132,6512
132,1414
132,6504
132,310
6642,6640
6642,816
6642,6643
6642,6333
7262,6843
7262,7263
7262,8956
7262,9779
7496,6950
7496,7521
11629,11489
2771,13975
2771,446
11128,10965
11128,11032
1141,2712
1141,6329
1141,6493
1141,306
1141,1379
1141,6482
1141,6483
2832,7710
2832,2837
2832,688
4025,13086
13630,13637
13630,13639
13630,13632
13630,13879
13630,13880
13630,9756
2402,444
2804,447
2804,1646
4992,8930
4992,7397
4992,1011
11233,11234
11338,11337
11338,10954
166,6229
166,6459
166,124
166,4179
166,69
166,4166
166,54
3322,3331
3322,871
3322,3321
5116,1440
5116,5100
5116,1441
8900,8899
8900,8902
8900,7734
8900,8890
9763,13316
9763,6414
1172,1684
1172,3329
1172,2972
1172,2973
1172,1683
1172,2970
1172,2969
1172,871
4577,302
4577,1371
1208,2969
1208,871
1208,1683
1208,3362
1208,3324
1208,6650
1475,412
1475,560
1475,1132
1475,328
1475,735
1475,5322
4218,7536
4218,4206
4218,1325
4515,174
4515,219
4515,301
4515,390
6461,6460
6461,508
6461,4264
6461,126
7370,7369
7370,14356
7370,7368
8895,7739
8895,8896
8895,8893
1819,3350
1819,1214
1819,873
3788,655
13674,14848
13674,13675
13674,7452
13674,7453
1241,3500
1241,7438
1241,6412
1241,3499
1241,1242
1241,6410
1241,6411
1997,14001
1997,3998
1997,669
13088,7458
13088,13089
13088,13086
888,3472
888,3484
888,7441
888,1239
888,6788
11032,10965
11032,11129
11032,11128
11769,11489
11769,11488
301,4515
301,219
301,7784
301,707
301,521
301,392
301,390
939,6239
939,1307
939,7492
6628,6629
6628,8919
6628,2237
11324,14707
11324,11325
11324,11323
397,1387
397,521
397,129
397,2164
397,6289
397,1390
397,305
397,8942
397,8939
11368,10956
11368,11367
616,2951
616,1169
616,6426
616,6427
616,58
616,6334
616,6335
6824,3709
6824,6826
6824,6827
6824,86
711,532
711,4861
711,2203
711,7299
711,2180
711,311
711,4863
711,709
711,2169
912,653
912,3738
912,9727
912,367
912,6426
912,6427
7393,2227
7393,7392
7393,5028
7393,7394
7393,6514
1898,479
1898,906
1898,1253
1898,1252
6289,6288
6289,709
6289,4807
6289,2164
6289,129
6289,397
6625,188
6625,2293
6625,345
6625,6624
7761,7763
7761,7762
7761,3476
7761,1238
3199,3331
3977,69
3977,351
11313,11384
11313,11314
11313,10945
3464,62
3464,1224
822,643
822,266
822,9790
822,3381
822,116
906,479
906,372
906,6437
906,1898
906,1253
4069,14830
4069,4026
4069,14849
9769,359
9769,3333
2769,6940
2769,6934
9746,14038
9746,4746
9746,6499
11388,10996
11388,11026
11388,11099
11388,11375
11388,11376
11388,11377
11388,11378
11388,11015
11388,10971
521,301
521,129
521,707
521,397
521,1387
521,392
528,128
528,4882
528,1410
528,708
528,4799
4533,4531
4533,14027
8910,7746
8910,7748
8910,8893
8910,8901
8910,8909
1909,367
1909,483
1909,6428
1909,6429
1909,53
1909,6236
1909,6237
6975,6976
6975,6977
6975,6464
6975,6465
6975,7270
6975,812
6975,6831
9752,7374
9752,6865
9752,8951
497,3990
497,6228
497,54
1634,348
1634,608
1634,2694
6554,6553
6554,1467
6554,6555
6554,225
6554,6212
7700,7702
7700,157
7700,3433
7700,155
1618,7563
1618,201
1618,798
1618,2663
2923,2928
2923,821
2923,816
2923,1673
6206,4291
6206,14826
6206,4290
6422,1252
6422,6423
6422,3596
6422,905
9759,9757
9759,9761
9759,62
10959,11076
10959,10965
10959,10972
10959,14713
6545,6544
6545,1034
6545,2287
7434,3604
7434,1252
256,3324
256,9773
256,9774
256,1806
256,3315
256,636
1325,4218
1325,1326
1325,4202
2213,4973
2213,6513
2213,716
2213,312
6502,14036
6502,36
6502,6503
6502,398
6643,6642
6643,816
9711,16
9711,6403
1000,177
1000,35
1000,6500
1000,6684
1000,4772
1225,9785
1225,17
1225,208
1225,1223
2953,821
2953,1890
5042,406
5042,539
5042,5055
5042,1019
3433,7700
3433,157
3433,155
6515,6514
6515,7394
6515,1012
6964,7321
6964,8948
6964,4023
6964,6963
7532,7533
7532,6971
13974,13975
13974,13976
14014,6968
14014,14011
8919,2237
8919,6628
8919,6629
8919,8921
8919,8920
4973,716
4973,2213
1505,5793
1505,2500
1505,1466
1505,5269
1505,1036
1505,6191
1505,2689
7321,7771
7321,7772
7321,2001
7321,8948
7321,6964
657,1930
657,6226
657,53
2712,1381
2712,6329
2712,1141
2712,6482
6883,6881
6883,4522
6883,2069
6883,4501
6883,6884
11269,11416
11269,11331
11329,11406
11329,12211
11329,12212
11329,11330
11329,11255
11410,11409
11410,11412
128,1400
128,2180
128,4858
128,311
128,4882
128,708
128,528
128,305
128,996
2909,659
2909,14820
2909,14824
2909,660
6977,6849
6977,6464
6977,6975
6977,6976
1284,492
1284,1287
1284,669
1284,375
1284,491
1284,1957
7776,8882
7776,13986
7776,7774
7776,7775
819,615
819,3573
819,158
819,2950
819,1680
819,473
3804,6308
3804,1941
3804,7443
3890,7328
3890,13963
3890,1967
3890,7424
6632,6633
6632,13636
348,1036
348,2691
348,2322
348,1463
348,1137
348,1035
348,409
348,608
348,1634
1067,1070
1067,1479
1067,6810
1067,6813
1067,5383
1067,1068
1067,736
1067,5373
2660,244
2660,346
4977,6291
4977,317
4977,536
4977,6512
7277,9401
7277,4282
7277,690
7277,964
7277,7275
7277,7278
13983,13987
13983,13986
483,654
483,6429
483,1925
483,53
483,1909
6380,3321
6380,6650
6380,6381
3529,3530
3529,895
3529,3528
3529,6413
8956,7262
8956,9779
8956,8960
13975,13974
13975,2771
934,1984
934,1292
934,65
934,214
934,375
4258,1371
4258,95
4258,2037
7270,6465
7270,7272
7270,14375
7270,6975
8936,8938
8936,524
8936,4694
8936,994
8936,169
288,214
288,3980
288,1288
7383,9756
7383,13879
7383,7385
1948,1278
1948,3845
1948,1279
1948,14863
1948,213
3982,1990
3982,1292
7441,1864
7441,888
10942,11384
10942,11366
10942,11362
10942,11360
10942,10952
10942,10956
10942,10985
10942,10969
10942,11190
10942,11051
10942,11081
10942,11008
10942,11394
10942,11396
6323,6322
6323,202
6323,796
6323,6321
257,60
257,3360
257,206
257,3364
257,639
257,1206
257,638
6428,367
6428,655
6428,6429
6428,1909
14705,14704
14705,14707
14705,11115
14705,11323
14705,14710
14705,14712
14705,10958
890,3499
890,6411
890,1242
890,9796
890,3466
13959,13958
13959,11396
13959,11394
1223,9784
1223,1225
1223,208
1223,9781
2834,1650
2834,1652
2834,1344
2834,1649
5100,5116
5100,1440
5100,347
5100,1441
157,3544
157,7700
157,7702
157,6278
157,1851
157,3433
302,7447
302,1381
302,6482
302,6483
302,515
302,1379
302,4577
302,95
302,1371
3944,68
3944,351
3944,929
3944,6449
6951,8882
6951,7494
9401,9403
9401,169
9401,690
9401,7277
9401,7278
9401,510
2750,6480
2750,2749
2750,2745
2833,1651
2833,1650
2833,1649
2833,962
3375,9781
3375,641
3375,153
7371,4298
7371,7372
7528,7421
3590,904
5269,1505
5269,1466
5269,1036
7563,112
7563,201
7563,1618
7563,73
7563,320
7563,1018
11375,11388
11375,11376
11375,11417
11375,10971
129,1393
129,707
129,6288
129,6289
129,397
129,521
5307,6557
5307,1042
5307,5270
6403,62
6403,16
6403,9711
7364,7363
7364,7366
14002,377
14002,14007
14002,14001
14002,492
2169,709
2169,711
2169,2180
2169,1400
708,128
708,528
708,4799
708,996
11251,11389
11251,10970
653,158
653,3737
653,912
653,6426
653,1169
3566,6237
3566,6418
3566,366
3566,9768
5320,736
5320,1053
5320,733
5320,6313
6471,6470
6471,56
6471,977
3998,14001
3998,1997
6212,2294
6212,225
6212,552
6212,735
6212,328
6212,6554
6212,6555
6212,6213
6483,6482
6483,1141
6483,1379
6483,302
615,86
615,6424
615,6425
615,819
615,3573
615,473
2180,711
2180,4863
2180,4858
2180,128
2180,2169
2180,1400
6508,7299
6508,8930
6508,8946
6508,6509
6508,2203
2926,2948
2926,2925
2926,1671
3923,7426
3923,494
3923,1968
6631,2637
6631,6318
6631,8921
6631,6630
7334,7336
7334,7266
7334,1145
86,6654
86,6655
86,909
86,6824
86,615
86,473
86,6424
86,272
86,3518
86,1875
86,472
126,4240
126,4206
126,6460
126,6461
126,1327
126,1326
126,2029
6831,6975
6831,6829
6831,8954
7535,7329
7535,7534
9781,9782
9781,9787
9781,1223
9781,153
9781,3375
9781,6396
9781,6397
14854,14852
649,3542
649,277
649,58
649,2947
649,1237
649,9757
1405,4856
1405,6505
1405,9741
1405,2175
6313,329
6313,5320
6313,736
6313,225
6313,733
6313,6552
6313,6312
7534,7329
7534,7535
3537,7734
3537,7736
3537,3538
510,1344
510,7278
510,9401
510,1157
1145,7334
1145,610
7409,6913
8947,8930
8947,8946
13080,13081
13080,7356
3599,1251
3599,904
6290,134
6290,5000
6290,1426
6290,6291
6290,535
6553,6552
6553,733
6553,1467
6553,6554
6553,225
7555,487
7555,1918
8938,4706
8938,524
8938,8936
8938,8943
8953,7422
8953,14875
8953,7345
6811,6812
6811,1075
6811,2397
14839,14845
349,4694
349,169
349,994
349,4693
349,1347
349,445
349,690
1426,5000
1426,5019
1426,317
1426,6290
2055,7467
2055,4351
2055,968
6437,6436
6437,488
6437,372
6437,479
6437,906
14027,4533
473,86
473,472
473,615
473,819
473,2950
473,277
473,6282
473,6283
3362,468
3362,1218
6401,6400
6401,1818
6401,1213
8954,6831
12,99
12,35
12,181
12,73
12,1430
12,399
740,332
740,1130
740,444
740,2370
740,1132
740,1610
740,560
3990,6228
3990,497
8908,8907
8908,8912
8908,13989
8908,8906
14707,14706
14707,10945
14707,11168
14707,11323
14707,11324
14707,11325
14707,11326
14707,14705
6556,1102
6556,190
6556,6557
7517,7516
7517,6957
7517,6954
8894,8893
8894,8896
8894,7736
8894,8902
11168,10945
11168,11008
11168,11326
11168,14707
62,3464
62,1224
62,1857
62,9757
62,9759
62,16
62,9761
62,6403
488,3834
488,373
488,283
488,372
488,6436
488,6437
1504,5791
1504,1102
1504,5310
1504,2500
5380,190
5380,2375
5380,738
5380,1472
4272,2866
4272,4273
4863,711
4863,311
4863,2180
11403,10961
11403,11405
11403,12211
11403,12212
11403,11384
11403,11391
11405,10961
11405,10962
11405,11409
11405,11406
11405,11403
1806,256
1806,60
1806,3315
1806,635
1806,859
2184,4873
2184,220
4200,1339
4200,1156
11140,11045
11488,11489
11488,11769
11488,11767
11488,11470
54,497
54,166
54,6229
54,1286
1930,3782
1930,18
1930,6226
1930,657
4296,14835
4296,7369
4296,6462
6442,6441
6442,489
6442,160
6442,6443
6442,87
6442,1278
11318,11418
11318,11062
11318,11317
1016,5009
1016,7576
1016,6634
1016,7397
1016,6516
6460,508
6460,6461
6460,126
1831,267
1831,468
1831,3373
6925,1644
6925,6924
2902,1161
2902,18
2902,2898
6412,7439
6412,6413
6412,1242
6412,1241
8928,7397
8928,7395
5027,7385
5027,7403
2695,608
2695,184
2977,2976
2977,1831
2977,468
2977,2974
4516,392
4516,1387
6495,6494
6495,220
6495,707
6495,4719
9727,9728
9727,912
2975,2976
2975,2978
2975,2974
2975,1684
7447,6481
7447,302
7466,4367
7705,4345
14016,14018
14016,7360
7734,8900
7734,8902
7734,7736
7734,3537
7734,7438
7734,7439
7734,891
14893,14892
14893,390
14893,14884
940,13999
940,677
7790,11269
7790,72
7790,4877
7790,712
7790,7796
3460,1237
3460,9757
3460,1857
6480,7448
6480,6481
6480,2750
111,324
111,2638
111,5058
111,7390
111,8945
4298,6463
4298,7371
6827,6824
6827,7556
6827,910
6827,6826
11015,11388
11015,10971
11015,11061
2976,2978
2976,267
2976,2977
2976,2975
11384,10961
11384,11403
11384,10942
11384,10952
11384,11389
11384,11391
11384,11313
11384,11314
11384,11366
928,1964
928,3894
928,1968
928,494
928,160
928,374
1244,63
1244,6283
4692,705
4692,56
4692,445
5165,1034
5165,2287
5165,1443
11767,11488
11767,11470
1323,4276
1323,385
1323,688
1323,4277
1323,509
1323,680
1323,296
6512,6291
6512,536
6512,4977
6512,6513
6512,132
7784,7785
7784,531
7784,2183
7784,7796
7784,4716
7784,220
7784,301
7784,6494
7784,219
7784,7780
8946,7299
8946,8947
8946,8930
8946,6508
4371,6953
4371,6856
1353,6781
1353,6971
1353,6976
1353,6780
1168,58
1168,821
1168,2948
5322,412
5322,1475
5322,735
5322,552
315,5001
315,134
315,51
315,4946
14713,14712
14713,10959
14713,10981
14713,10972
14713,14711
494,1968
494,3923
494,3939
494,6961
494,377
494,928
494,160
1674,2953
1674,2929
1674,817
1674,816
6478,6479
6478,175
7736,8894
7736,8896
7736,1250
7736,7740
7736,3537
7736,7437
7736,7734
4818,1402
4818,399
6318,1441
6318,6319
6318,6631
6318,8921
1047,1042
1047,6697
1047,1472
1047,5316
1047,329
1047,5266
1047,1463
6555,6554
6555,1467
6555,552
6555,6212
7275,7277
7275,964
7442,6408
7442,6787
8944,7389
8944,8945
11360,10945
11360,11362
11360,10942
11360,11008
4048,4065
4048,4049
7523,7521
7523,14870
515,302
515,1379
515,175
515,95
1156,4200
1156,7537
1213,1818
1213,6401
1213,873
1213,359
1221,206
1221,617
1221,61
1221,639
1221,3364
1250,7740
1250,3604
1250,7436
1250,7736
2234,539
2234,321
2234,1432
2234,1015
7354,8880
7354,6948
7354,1361
7354,7353
9742,6505
9742,312
9742,35
9742,9741
7511,7510
7511,6840
4813,1406
4813,4811
6503,6502
6503,310
6503,177
6503,398
6503,6687
508,977
508,609
508,4264
508,6460
508,6461
1324,1326
1324,683
1942,661
1942,6665
6962,941
6962,677
6962,14006
6962,6961
2897,2898
2897,18
2897,657
181,1432
181,4971
181,320
181,12
181,1430
181,716
181,99
923,3885
923,7424
923,1964
923,374
923,490
1193,635
1193,638
5194,607
5194,1456
5194,603
5194,1630
6266,6921
6266,6267
6941,1644
7443,3804
7443,487
3894,1968
3894,928
3894,1964
6629,6630
6629,8919
6629,8921
6629,6628
6968,14014
7436,1250
7436,3596
11008,10945
11008,10942
11008,11360
11008,11190
11008,11182
11008,11168
11008,11326
7429,7430
7429,490
7429,373
268,1232
268,3422
268,1238
268,6787
268,117
268,267
7403,7399
7403,5027
7403,7404
7403,7401
10973,10963
10973,11409
10973,11411
10973,10962
560,1053
560,1068
560,332
560,740
560,1610
560,1474
560,1475
560,412
1251,3598
1251,6423
1251,1253
1251,3599
1251,904
2375,568
2375,1071
2375,738
2375,190
2375,5380
3880,377
3880,492
3880,662
3880,489
8899,8909
8899,8901
8899,8900
8899,8890
8899,8914
11017,14711
11017,10981
11017,11029
65,375
65,934
65,491
65,214
65,1288
65,161
65,659
65,1956
65,14820
509,4277
509,1323
509,962
509,680
532,4879
532,1416
532,133
532,7299
532,711
532,2181
532,4866
532,4861
635,1763
635,1806
635,859
635,60
635,638
635,1193
1655,810
1655,1330
1655,448
6855,6957
6855,388
7273,7272
7273,4418
7273,14375
11182,11008
11182,11190
11325,14707
11325,11326
11325,11324
11416,11415
11416,11418
11416,11269
11416,11331
11416,13960
11416,13961
11416,11412
20,641
20,208
20,63
20,3465
20,1224
20,9712
20,153
412,1474
412,5321
412,560
412,1475
412,5322
412,552
412,1467
2665,1024
2665,244
3422,1238
3422,268
3422,1232
7437,7736
7437,905
1276,7432
1276,373
1276,3834
1276,6436
1276,479
116,361
116,3381
116,9776
116,822
116,9790
116,3360
116,206
116,60
398,14036
398,14038
398,6502
398,6503
398,306
398,6686
398,6687
398,704
398,4746
2223,133
2223,316
2223,1423
2223,7301
2837,7710
2837,808
2837,1651
2837,2832
3476,7761
3476,1238
6327,6326
6327,704
6327,6492
6327,6328
11336,11335
11336,10958
11336,11337
375,1284
375,1287
375,1984
375,934
375,65
375,491
1012,6515
1012,51
7404,7403
7404,7392
7404,7401
7394,7393
7394,5001
7394,2237
7394,6515
14013,14011
14013,7272
5340,1053
5340,1474
5340,5321
5340,733
11409,10962
11409,10973
11409,11411
11409,11410
11409,11330
11409,11405
11409,11406
661,6309
661,491
661,1942
661,7446
1275,372
1275,87
1275,3825
11352,11394
11352,11350
11352,11351
467,259
467,61
467,1828
467,9782
467,1822
2183,531
2183,4873
2183,220
2183,7784
6229,6228
6229,954
6229,6458
6229,6459
6229,166
6229,54
13997,13995
13997,7336
13997,7340
173,1362
173,8876
173,6468
173,6469
173,6878
173,2066
660,3794
660,2909
660,659
660,2907
660,14824
660,371
707,4719
707,6495
707,220
707,1393
707,129
707,521
707,301
6319,6318
6319,347
6319,6320
6319,8921
1019,406
1019,5042
1019,539
1019,5019
1019,317
7392,7401
7392,7404
7392,5028
7392,7393
7392,2227
6240,14830
7764,7763
7764,6787
7764,7762
168,297
168,2037
168,95
168,1335
168,1155
168,4214
168,124
168,956
472,1875
472,3507
472,86
472,63
472,473
472,6282
472,17
891,8890
891,7734
891,7440
891,1864
4807,6289
4807,2164
6292,1025
6292,187
6292,6526
6292,201
7796,4877
7796,7790
7796,531
7796,7784
968,4351
968,6781
968,6846
968,4345
968,6780
968,2055
4617,4618
4617,4615
6335,6334
6335,616
6335,58
6335,2947
6335,277
14712,14705
14712,11323
14712,14713
14712,14710
6706,6708
6706,6813
9773,3358
9773,1218
9773,9775
9773,9774
9773,256
9790,266
9790,822
9790,9796
9790,9791
9790,206
9790,116
11351,11394
11351,11352
11351,11045
4226,1338
4226,1332
6418,6237
6418,53
6418,6420
6418,366
6418,3566
399,35
399,12
399,4833
399,1402
399,4818
1347,349
1347,445
1347,690
1155,168
1155,1335
1155,4245
1155,448
1155,4214
4485,174
4485,8951
11366,10945
11366,11314
11366,11384
11366,10942
11366,11362
53,1909
53,483
53,1925
53,657
53,6226
53,6237
53,6418
53,6420
53,6421
225,6312
225,6313
225,6552
225,6553
225,6554
225,6212
225,603
225,2294
2795,1646
2795,612
3506,6283
3506,1871
13081,7376
13081,13080
1278,87
1278,6442
1278,6443
1278,1948
1278,3845
1278,213
3407,3419
3407,1233
4026,7454
4026,4069
4026,14830
7539,977
7539,7538
11129,11032
1157,510
1157,7280
2904,6308
2904,6309
2904,7445
2904,6664
2904,3816
5055,5042
5055,2247
5055,539
11087,10969
6635,184
6635,7576
6635,6634
6843,7317
6843,7318
6843,4126
6843,7262
1965,13962
1965,8912
2929,1168
2929,1890
2929,817
2929,1674
6504,132
6504,1414
6504,6505
13633,13632
13633,13880
531,4877
531,7796
531,712
531,2183
531,7784
6332,2920
6332,6640
6332,6333
6332,2919
6332,2918
7375,4501
7375,7374
7375,7376
9728,9727
2028,4273
2028,2866
2028,1339
2743,609
2927,1168
2927,1673
2927,2925
7445,7446
7445,2904
9796,3466
9796,890
9796,1242
9796,6413
9796,9797
9796,9794
9796,9790
134,315
134,4946
134,535
134,5000
134,6290
134,36
134,1140
9722,1392
9722,9723
489,160
489,3880
489,662
489,6442
489,6443
7267,7266
7267,610
13960,11416
13960,13961
13960,11331
63,17
63,472
63,6282
63,6283
63,3465
63,1244
63,20
63,208
662,489
662,3880
662,492
662,14852
662,1279
662,6443
941,4023
941,6962
941,668
941,3964
6691,72
6691,7569
6691,133
6691,6690
13995,7331
13995,7259
13995,7336
13995,13997
859,1806
859,635
859,1763
1255,3706
1255,6654
1255,9799
6650,3321
6650,1208
6650,6380
6650,6381
6930,7485
6930,6928
6930,2786
669,14001
669,1997
669,1287
669,1984
669,1284
669,492
11378,11388
11378,11099
11378,11417
11378,11377
4050,4065
4050,6456
4050,4051
4050,4049
1326,4206
1326,126
1326,1324
8948,7321
8948,4024
8948,6964
11394,11396
11394,13959
11394,10942
11394,10956
11394,11045
11394,11350
11394,11351
11394,11352
690,169
690,9401
690,1347
690,349
690,4282
690,7277
6624,188
6624,6625
6624,345
6624,1028
277,2950
277,473
277,820
277,1680
277,6334
277,6335
277,2947
277,649
277,1871
277,3541
277,3542
277,6283
1132,1610
1132,740
1132,1475
1350,7372
1350,1158
1350,7408
1350,7405
1362,11400
1362,8876
1362,2066
1362,173
1362,8878
1673,2927
1673,2928
1673,2923
1673,816
1673,6640
4706,1390
4706,524
4706,8938
4706,8941
7446,661
7446,7445
7746,7745
7746,7748
7746,8910
2369,7292
2369,566
2637,2638
2637,6631
11121,10981
11121,10972
4615,4617
4615,4618
4615,6816
6381,6380
6381,6650
1432,1015
1432,2234
1432,321
1432,320
1432,181
1432,4999
1432,4971
6500,1000
6500,35
6500,6684
7278,9401
7278,7277
7278,510
11237,10969
11237,11236
11237,11226
2001,7772
2001,7321
72,7790
72,4986
72,7569
72,7573
72,1008
72,1416
72,6690
72,6691
72,2185
72,712
7299,133
7299,7301
7299,2203
7299,6508
7299,8946
7299,711
7299,532
11415,10957
11415,10963
11415,11417
11415,11416
11415,11411
11415,11412
681,684
681,385
681,296
681,4276
681,7348
1379,302
1379,6483
1379,1141
1379,515
7557,7558
13316,817
13316,9763
812,6975
812,1159
812,2873
812,6829
2294,603
2294,225
2294,6212
2918,2919
2918,6332
6413,6412
6413,3530
6413,3529
6413,3528
6413,9796
6413,1242
7510,7512
7510,7511
177,6503
177,6686
177,6687
177,310
177,1404
177,2175
177,1000
177,35
177,4772
177,2155
177,306
1042,5307
1042,6557
1042,6696
1042,6697
1042,1047
1042,5270
1456,2297
1456,5199
1456,1462
1456,603
1456,6312
1456,607
1456,5194
3806,6308
3806,282
524,1390
524,1392
524,305
524,4706
524,8936
524,8938
1335,95
1335,175
1335,4245
1335,961
1335,168
1335,1155
6191,2689
6191,1505
6191,1036
6191,1138
6787,1238
6787,7762
6787,7764
6787,6409
6787,7442
6787,6788
6787,268
6787,117
7301,133
7301,2223
7301,1423
7301,7299
7458,13082
7458,7457
7458,4074
7458,13088
7458,13089
674,4153
674,680
674,1990
14891,14892
14891,14356
1140,51
1140,4946
1140,134
1140,36
2155,306
2155,177
2155,4772
6655,3706
6655,86
6655,6654
7727,8911
7727,8905
7727,8907
13632,13639
13632,13633
13632,13630
2970,1172
2970,3373
2970,1683
14856,14852
6516,316
6516,5009
6516,1016
6633,13636
6633,6632
6856,6953
6856,7329
6856,4371
7372,7371
7372,1350
13965,3709
13965,909
1233,3419
1233,3420
1233,267
1233,3407
1344,2048
1344,510
1344,962
5001,7394
5001,315
7423,13963
7423,3885
13988,8906
13988,373
3507,1875
3507,472
3507,17
5310,1504
5310,1466
5310,2500
6426,653
6426,912
6426,6427
6426,1169
6426,616
11411,10963
11411,10973
11411,11415
11411,11412
11411,11409
736,1054
736,5373
736,1067
736,5383
736,5320
736,1053
736,329
736,6313
11317,11418
11317,11318
11317,13961
8913,8909
8913,8914
8913,8915
11234,11235
11234,11233
11339,11326
3885,7423
3885,923
3885,490
6972,447
6972,6971
8888,8916
8888,8890
8888,1864
8888,6409
13999,13998
13999,940
1827,118
1827,3387
1827,3366
6788,6787
6788,3472
6788,888
6788,1239
6788,266
6788,117
7467,2055
10969,10942
10969,11226
10969,11237
10969,11087
10969,10985
654,655
654,1925
654,483
654,6429
1441,5100
1441,5116
1441,347
1441,6318
4334,7509
4334,2054
5034,2243
5034,7389
5034,5028
2972,1684
2972,2974
2972,2973
2972,1172
3834,1276
3834,373
3834,488
3834,6436
9712,20
9712,1224
68,69
68,3944
68,351
68,6446
68,6447
68,6448
68,6449
715,4941
715,6509
715,1011
715,8925
715,311
1423,2223
1423,316
1423,7301
10945,11313
10945,11314
10945,11168
10945,11008
10945,11366
10945,11362
10945,11360
10945,14706
10945,14707
297,1327
297,2037
297,168
297,2030
297,124
607,1035
607,2680
607,2297
607,1456
607,1630
607,5194
607,184
6396,9781
6396,9782
6396,6397
7503,4687
7503,7504
7503,56
2286,7559
7427,3964
7427,6961
14882,14881
14882,14355
8960,8956
8960,9779
8960,8959
8960,7493
9785,61
9785,17
9785,1225
9785,9784
2247,5055
2247,321
2247,539
7356,7355
7356,13080
7356,292
7782,4517
7782,7780
7782,174
7782,2069
490,7429
490,7430
490,3885
490,923
490,374
490,283
490,373
1286,1978
1286,54
6237,6236
6237,1909
6237,53
6237,3566
6237,6418
6237,1890
6237,9767
6505,6504
6505,312
6505,9742
6505,1405
14701,6784
3329,3352
3329,1684
3329,871
3329,1172
7331,14870
7331,7259
7331,13995
7331,388
7390,2243
7390,5058
7390,111
7390,8945
7390,7389
213,3825
213,87
213,1948
213,1278
213,14863
3980,288
3980,214
13998,684
13998,13999
385,684
385,688
385,1323
385,4276
385,681
683,1324
683,954
683,6228
961,1335
961,175
961,4245
4322,6976
6462,4296
6462,7369
6462,6463
2287,1034
2287,6545
2287,5165
4946,51
4946,315
4946,134
4946,1140
351,68
351,69
351,3977
351,3944
351,929
4052,4051
4052,6457
4052,944
4052,2002
4052,4036
6810,6812
6810,6813
6810,1070
6810,1067
13973,13970
13973,13972
6459,6458
6459,166
6459,6229
6690,72
6690,6691
6690,133
6690,1416
1138,2689
1138,6191
1138,1036
1138,2688
1138,2685
11227,11226
11227,11236
377,494
377,3939
377,14006
377,14007
377,492
377,14002
377,3880
643,117
643,266
643,3381
643,822
643,361
3745,655
3745,1920
13086,14850
13086,13088
13086,13089
13086,4025
13086,7357
13086,7358
4283,6470
4283,964
6924,6925
6924,2786
6924,446
6924,6940
6934,6935
6934,2769
6934,1147
7740,7739
7740,7742
7740,1250
7740,3604
7740,7736
7740,8896
161,65
161,14820
161,14823
446,6924
446,2771
446,13976
1036,1505
1036,6191
1036,5269
1036,348
1036,2688
1036,2691
1036,1138
11119,14711
11119,11029
14704,14706
14704,14705
4179,124
4179,166
1053,736
1053,5383
1053,1068
1053,5340
1053,1474
1053,560
1053,5320
1053,733
2847,809
2847,1653
2847,2844
2847,808
7280,1157
7533,6971
7533,7532
6282,472
6282,473
6282,6283
6282,63
8922,8921
8922,796
8922,6320
8922,6321
8922,406
8922,795
8922,8920
539,1019
539,5042
539,5055
539,2247
539,2234
539,321
539,317
539,1015
1070,2397
1070,1071
1070,6810
1070,1067
1070,738
1070,1479
3709,909
3709,13965
3709,6824
7426,668
7426,3923
14710,14705
14710,14712
14710,14711
14710,10954
14710,11115
1406,532
1406,4813
1406,4811
5373,1479
5373,1067
5373,736
5373,1054
3964,668
3964,941
3964,7427
4206,126
4206,1326
3794,659
3794,660
6308,3806
6308,6309
6308,282
6308,3808
9757,1857
9757,1237
9757,3460
9757,649
9757,9759
9757,62
11081,10942
11081,11051
2793,612
2925,2926
2925,2927
2925,6640
2925,1671
10972,14713
10972,10959
10972,11076
10972,11122
10972,10981
10972,11121
3315,256
3315,9774
3315,60
3315,1806
7430,7428
7430,490
7430,7429
7455,2003
7455,14830
9779,7262
9779,8959
9779,8956
9779,8960
609,56
609,1143
609,2743
609,508
680,296
680,1323
680,509
680,4153
680,674
1680,819
1680,158
1680,820
1680,277
1680,2950
7752,7751
7752,11397
7752,11398
7752,7745
61,1221
61,617
61,32
61,17
61,1828
61,9784
61,9785
61,259
61,467
1015,317
1015,539
1015,2234
1015,4999
1015,1432
1015,536
1039,328
1039,103
1039,6536
9767,6237
9767,9768
9767,13315
187,6526
187,1025
187,6292
536,4977
536,317
536,1015
536,4999
536,6512
536,6513
1430,320
1430,181
1430,1018
1430,12
2030,1327
2030,297
2030,124
4290,6206
7457,945
7457,4075
7457,292
7457,7458
2688,1138
2688,1036
2688,2691
7772,7774
7772,2001
7772,7321
7772,7771
267,1233
267,3421
267,1232
267,268
267,117
267,1831
267,468
267,9775
6410,1241
6410,3500
6410,6411
6410,1239
7355,7356
7355,7360
7494,6951
7494,7508
11323,14705
11323,14707
11323,11324
11323,14712
14018,7344
14018,14016
14845,14842
14845,14839
6640,2925
6640,816
6640,1673
6640,6642
6640,2920
6640,6332
7501,705
738,5380
738,2375
738,1070
738,1071
738,1054
738,1479
738,1472
1011,8930
1011,4992
1011,8925
1011,715
1011,4941
1763,636
1763,859
1763,635
317,5019
317,1426
317,1019
317,539
317,536
317,1015
317,4977
317,6291
448,956
448,4214
448,1655
448,1155
448,1330
448,2863
448,94
4903,312
4903,716
4903,99
4903,35
6953,7514
6953,7329
6953,4371
6953,6856
6953,4367
14892,390
14892,14893
14892,14891
366,3566
366,9768
366,6418
366,6420
366,1248
366,9765
1390,397
1390,305
1390,4706
1390,524
1390,8942
1925,53
1925,654
1925,483
3366,1827
1462,409
1462,329
1462,6312
1462,1456
1462,5199
1875,86
1875,472
1875,3507
4034,4035
4034,944
4034,7454
7702,3544
7702,157
7702,7700
11311,11099
11311,10996
11311,11312
11311,11417
1467,733
1467,412
1467,5321
1467,552
1467,6553
1467,6554
1467,6555
5791,1102
5791,1504
14850,14849
14850,13086
1248,9765
1248,366
1248,6414
1269,282
1269,815
956,124
956,168
956,4214
956,448
956,94
1941,6308
1941,3816
1941,7444
1941,3804
7386,7385
7386,13879
10970,11389
10970,11251
10970,10952
10970,11341
10970,11343
6636,690
6636,1347
6636,6637
6636,4283
6636,964
305,2164
305,397
305,4800
305,128
305,996
305,1392
305,1390
305,524
4971,1432
4971,181
6708,6706
6708,6709
6708,6814
1851,157
1851,6406
2670,202
2670,547
2670,1024
2680,608
2680,1137
2680,1035
2680,607
2680,184
4462,1361
4462,13677
4462,14847
6814,6813
6814,6708
6814,6709
6814,332
6814,1068
636,256
636,1763
659,1956
659,65
659,2909
659,14820
659,3794
659,660
6963,4102
6963,6964
6963,3927
6963,668
6963,1967
6963,7328
1416,72
1416,133
1416,6690
1416,532
1416,1008
1416,4879
2164,6289
2164,4807
2164,4800
2164,305
2164,397
6482,1381
6482,2712
6482,1141
6482,6483
6482,302
6781,1353
6781,968
7408,1350
7374,2069
7374,4501
7374,174
7374,6865
7374,9752
7374,7375
7374,7376
1034,345
1034,2293
1034,6544
1034,6545
1034,2287
1034,5165
3434,9761
3434,155
3434,16
10981,14711
10981,14713
10981,10972
10981,11121
10981,11017
6333,6332
6333,6642
6492,704
6492,306
6492,6493
6492,6327
6492,6328
2898,1161
2898,2902
2898,2897
3484,1239
3484,888
1035,348
1035,409
1035,607
1035,2297
1035,1137
1035,2680
1857,3460
1857,9757
1857,62
1964,3894
1964,928
1964,923
1964,374
7422,7417
7422,7486
7422,8953
7422,7421
11330,11406
11330,11409
11330,11329
160,928
160,374
160,494
160,489
160,6440
160,6441
160,6442
2237,7394
2237,6628
2237,8919
5789,190
5789,1102
13082,13083
13962,1965
13962,7328
13962,13963
13962,8912
7485,6267
7485,6928
7485,6930
905,3596
905,7437
905,6422
905,6423
905,3598
905,904
2863,448
2863,1330
2863,94
5316,1472
5316,1054
5316,329
5316,1047
6493,6492
6493,306
6493,1141
6493,6328
6493,6329
9787,9784
9787,9781
9787,1828
9787,9782
58,2947
58,616
58,6335
58,6427
58,367
58,6236
58,2948
58,1168
58,1890
58,821
58,649
306,704
306,398
306,177
306,6686
306,2155
306,1141
306,6492
306,6493
312,1414
312,716
312,2213
312,35
312,4903
312,6505
312,9742
733,5320
733,6313
733,1053
733,5340
733,5321
733,1467
733,6552
733,6553
3350,1214
3350,1819
7431,7433
7431,7432
7431,479
14848,14847
14848,13677
14848,13674
14848,7450
14848,7451
468,3373
468,1831
468,267
468,9775
468,3362
468,1218
1075,6811
1075,5465
1075,2397
1075,568
1443,5165
1443,7559
1443,112
6770,6771
6770,13638
6786,6784
6786,7751
6786,7753
6786,6785
8925,1011
8925,8924
8925,715
14869,14867
14869,14870
14869,388
6306,118
6306,3415
6306,3387
7710,808
7710,2832
7710,2837
7710,385
14706,10945
14706,14707
14706,14704
1361,7354
1361,13677
1361,4462
7433,6910
7433,7431
809,2847
809,808
1349,8951
1349,7449
8941,8942
8941,4706
8941,8943
8941,6816
11115,14705
11115,14710
11115,10954
11115,10958
13638,6770
13638,6771
13638,13639
13638,13636
2397,1075
2397,6811
2397,6812
2397,1070
2397,5465
2397,1071
7576,184
7576,1016
7576,6634
7576,6635
7576,5009
7576,316
8951,9752
8951,4485
8951,1349
3738,367
3738,912
7537,4202
7537,1156
11071,10958
112,1022
112,346
112,244
112,345
112,1443
112,7559
112,7563
112,2248
112,320
1206,638
1206,257
4108,1305
4108,7460
11235,11236
11235,11234
175,95
175,515
175,6478
175,6479
175,1335
175,961
1984,669
1984,934
1984,1287
1984,375
4126,7263
4126,6843
5426,5427
5426,6246
7348,7352
7348,681
7348,296
7348,4001
7348,14001
11341,10952
11341,10970
11341,11343
7352,6673
7352,7348
14847,4462
14847,13677
14847,14848
1327,2029
1327,126
1327,2030
1327,297
1818,873
1818,1213
1818,6400
1818,6401
7358,7357
7358,13086
7358,4024
11331,11416
11331,13960
11331,11269
1332,4226
1332,4240
1332,7536
871,3329
871,2969
871,1172
871,1208
871,3322
871,3321
871,3331
1224,20
1224,3464
1224,62
1224,9712
1864,8888
1864,891
1864,7441
2203,7299
2203,6508
2203,311
2203,711
3324,1208
3324,256
6672,6673
11070,10954
11070,11016
11070,11104
1025,7562
1025,187
1025,201
1025,6292
9775,468
9775,117
9775,267
9775,9776
9775,9773
10958,11071
10958,11115
10958,14705
10958,10954
10958,11335
10958,11336
10958,11337
11016,10954
11016,10980
11016,11070
18,1960
18,3782
18,929
18,6446
18,6447
18,6448
18,6449
18,1930
18,6226
124,2030
124,4179
124,297
124,168
124,94
124,956
124,166
124,4166
259,639
259,61
259,1822
259,467
7317,6840
7317,7318
7317,6843
7317,6959
7780,11410
7780,7784
7780,7785
7780,4517
7780,219
7780,7782
10996,11026
10996,11311
10996,11099
10996,11388
14820,659
14820,65
14820,161
14820,14823
14820,2909
14820,14824
11327,11328
11327,11396
11327,13958
996,305
996,128
996,708
996,1392
7272,14013
7272,7273
7272,7270
1338,964
1338,6471
1338,4226
7421,7417
7421,7422
7421,7528
346,2660
346,244
346,112
346,1022
6481,6480
6481,7447
6481,2749
6481,2748
6566,444
6566,1130
7513,6954
7513,7514
7513,7515
11255,12211
11255,11329
11255,11392
2012,6670
2012,6239
3596,7436
3596,6422
3596,905
11362,10945
11362,11366
11362,10942
11362,11360
6544,6543
6544,6545
6544,1034
8943,8941
8943,8938
8943,169
8943,6816
9756,13630
9756,7383
9756,9754
5321,733
5321,5340
5321,1474
5321,412
5321,1467
14837,7345
14837,14835
4214,168
4214,1155
4214,448
4214,956
6441,6440
6441,160
6441,6442
6441,87
14020,7360
14020,292
14020,4075
6937,6935
6416,6414
6416,6278
6709,6708
6709,332
6709,6814
8921,6629
8921,6630
8921,6631
8921,6318
8921,6319
8921,6320
8921,8922
8921,8919
9741,1405
9741,9742
9741,35
9741,2175
1996,7348
1996,3994
7336,13995
7336,13997
7336,7266
7336,7334
7336,7340
11470,11488
11470,11767
11470,11766
392,301
392,521
392,4516
392,1387
392,390
6686,398
6686,6687
6686,177
6686,306
10963,10957
10963,11411
10963,11415
10963,10973
2694,1634
2694,608
6443,6442
6443,489
6443,662
6443,1279
6443,3845
6443,1278
7292,1130
7292,2369
7292,2370
7292,566
4687,7565
4687,7503
7747,11398
7747,7748
7747,7745
51,1410
51,2210
51,2703
51,1012
51,315
51,1140
51,4946
6538,6537
6538,6539
6538,188
1018,320
1018,7563
1018,73
1018,1430
7329,6954
7329,6957
7329,7534
7329,7535
7329,6856
7329,6953
11061,11015
11061,10971
11061,10957
409,1463
409,348
409,329
409,1462
409,5199
409,1035
409,2297
14877,7308
14877,174
14877,14876
4538,4540
4538,4531
8890,8914
8890,8899
8890,8900
8890,891
8890,8888
13989,8908
13989,373
14881,174
14881,390
14881,14882
3541,277
3541,3542
3928,931
3928,7327
7515,7513
7515,7508
169,6816
169,8943
169,4694
169,8936
169,690
169,349
169,9401
169,9403
6464,6465
6464,6975
6464,6977
709,4861
709,711
709,2169
709,6289
4273,4272
4273,2866
4273,2028
6239,8959
6239,2012
6239,939
6901,6948
6901,2066
7516,7520
7516,7517
7516,6954
1822,259
1822,467
2985,7769
2985,1214
7774,7776
7774,7772
7774,7773
14006,6962
14006,14007
14006,377
14006,3939
1646,2804
1646,612
1646,2795
4517,7780
4517,219
4517,174
4517,7782
4716,7784
4716,6494
6278,6414
6278,6416
6278,157
7773,7775
7773,7774
7773,7771
7773,10969
14824,660
14824,2909
14824,14820
14824,2907
1292,3982
1292,214
1292,934
1846,155
4719,6495
4719,707
6331,6330
6331,7261
7558,7557
7558,6935
7363,14356
7363,14884
7363,7364
7363,7368
8930,8946
8930,8947
8930,7397
8930,1011
8930,4941
8930,4992
8930,6508
8930,6509
677,940
677,6962
3542,3541
3542,277
3542,649
6957,7517
6957,388
6957,6855
6957,7329
7344,7527
7344,14018
7344,7343
3387,118
3387,6306
3387,1827
5432,2370
5432,566
5432,6246
6397,6396
6397,9781
6397,153
6408,8915
6408,6409
6408,7442
6634,7576
6634,6635
6634,1016
3933,7461
3933,931
5427,6246
5427,5426
7399,7395
7399,7401
7399,7403
7399,8924
479,7431
479,7435
479,1276
479,6436
479,6437
479,1898
479,906
479,1252
1463,2322
1463,5266
1463,1047
1463,409
1463,348
704,4746
704,6499
704,7568
704,398
704,306
704,6492
704,6326
704,6327
4291,7449
4291,6206
6948,8878
6948,2066
6948,6901
6948,7354
7328,7327
7328,6963
7328,1967
7328,3890
7328,13962
7328,13963
214,934
214,1292
214,3980
214,1288
214,288
214,65
684,7707
684,385
684,681
684,13998
4264,508
4264,6461
1400,2169
1400,2180
1400,128
1400,4800
5019,1019
5019,317
5019,1426
6463,6462
6463,7369
6463,4298
7453,13674
7453,944
9797,3528
9797,895
9797,9795
9797,9796
2663,1618
14862,14852
969,7343
969,6849
1279,3845
1279,6443
1279,662
1279,14852
1279,1948
4051,4050
4051,6456
4051,4052
4051,2002
13958,11327
13958,11396
13958,13959
1440,6213
1440,347
1440,5116
1440,5100
11350,11394
11350,11352
14011,14014
14011,14013
4858,311
4858,128
4858,2180
6409,6408
6409,8888
6409,8916
3466,890
3466,9796
6283,6282
6283,277
6283,473
6283,3506
6283,1871
6283,63
6283,1244
1871,6283
1871,277
1871,3506
3358,1218
3358,9773
3518,272
3518,86
6213,6212
6213,328
6213,103
6213,202
6213,1440
6213,347
4035,4036
4035,944
4035,4034
4501,6883
4501,2069
4501,7374
4501,7375
668,6963
668,4023
668,941
668,3964
668,7426
668,3927
668,7425
1414,132
1414,312
1414,6504
2969,1172
2969,1683
2969,1208
2969,871
4102,6963
7449,1349
7449,4291
535,134
535,6290
535,6291
535,132
535,36
535,4905
3927,6963
3927,668
1653,2847
1653,2844
1653,1652
2973,2972
2973,1218
2973,1172
796,6321
796,6323
796,202
796,795
796,8922
1237,649
1237,9757
1237,3460
13955,8880
13955,8878
14830,6240
14830,4026
14830,7455
14830,4069
14830,14849
2844,2847
2844,1653
2844,1652
2844,1650
4049,4048
4049,4050
4049,2002
6940,6924
6940,2769
9754,9756
9754,7395
2297,1035
2297,409
2297,5199
2297,1456
2297,607
188,103
188,6536
188,6537
188,6538
188,6539
188,2293
188,6624
188,6625
188,547
188,1028
188,202
1651,2837
1651,808
1651,1650
1651,2833
1651,688
4799,708
4799,528
8945,7390
8945,111
8945,8944
13976,13974
13976,446
3782,18
3782,1930
6829,6831
6829,812
6829,2873
244,2665
244,1024
244,547
244,1028
244,345
244,112
244,346
244,2660
11026,10996
11026,11388
617,9791
617,32
617,61
617,206
617,1221
2978,2976
2978,2975
7493,8959
7493,8960
328,735
328,1475
328,6246
328,1039
328,103
328,6212
328,6213
7315,6670
7315,1309
7315,1307
11396,11051
11396,11327
11396,11328
11396,11353
11396,11354
11396,10942
11396,11394
11396,13958
11396,13959
14866,14872
14866,14870
