7482,1189
7482,10712
7482,10702
7482,7493
7482,7484
7587,9953
7587,9867
11574,11598
11574,11605
11574,11229
11574,11231
11574,11579
11957,11947
11957,11960
11957,11835
11957,11818
11957,11948
82,4771
82,4778
82,460
82,9334
82,9341
82,9342
82,9339
82,321
82,2395
82,1079
82,231
82,6204
4651,4645
4651,4652
4651,4404
5321,5320
5321,5283
5321,5308
5321,5309
6841,749
6841,8588
6841,6848
6841,6837
9585,9532
9585,9521
10433,10273
10433,10470
10433,9897
4730,8583
4730,9508
4730,4731
4730,4713
4730,4666
8700,8683
8700,8687
8700,9474
8700,8692
8728,8730
8728,8718
12100,12099
12100,11907
12100,11905
12100,11903
12100,11902
9362,9335
9362,9356
8168,8217
8168,8177
8168,7694
8168,7686
8168,8165
8168,8170
11827,11802
11827,11926
11827,11805
11827,11987
11827,11986
11827,11985
11827,11984
11920,11921
11920,11919
11920,11875
11948,11947
11948,11957
11948,11818
11948,11946
12324,11808
12324,12327
12324,12331
12324,12332
12324,12340
12324,12210
12324,12011
12324,12393
11814,12039
11814,11865
11814,11866
11814,12051
11814,12041
11814,11842
406,1728
406,11571
406,11229
406,100
406,949
406,210
7099,8725
7099,7095
7099,7090
7099,7107
7099,8724
11300,11301
11300,11310
11300,6712
11300,7093
11300,5551
239,1116
239,1485
239,6067
239,1484
239,121
239,1482
2446,45
2446,30
7083,7077
7083,190
9415,8757
9415,9375
11005,10811
11005,11173
250,6787
250,3284
250,6838
250,749
250,491
250,2990
1394,3880
1394,369
1394,119
2339,229
2339,1065
6040,9337
6040,9336
6040,6036
6040,3920
8713,11308
8713,9518
8713,7307
8713,7297
8713,11299
10620,10489
10620,10486
11860,11997
11860,11807
11860,12165
8164,8165
8164,8169
8164,7692
8164,8170
8164,8172
8164,8167
8164,7690
8164,8175
8164,8166
9333,9735
9333,244
9333,146
9333,9309
9333,9322
9333,9324
4384,4345
4384,4378
8273,8275
8273,279
8273,8299
11849,11848
11849,12388
11849,12390
11849,12156
5737,5675
5737,5686
5737,963
5737,5672
7196,7184
7196,7218
7196,11564
7196,11562
7196,7181
9298,5405
9298,5440
9298,9113
9298,9299
9298,9143
11998,11999
11998,11803
11998,11820
11998,11981
3700,806
3700,366
3700,3699
3700,3690
9828,10149
9828,10162
9828,10163
9828,9884
9828,9923
9828,9886
9828,9840
9828,9914
11886,11887
11886,11825
12300,12298
12300,12118
12300,12301
12300,12287
10532,10480
10532,10630
10532,10481
2140,11438
2140,224
10629,10483
10629,10512
10629,10484
10629,10628
5861,8560
5861,8565
5861,6001
5861,9127
5861,9275
5861,9109
7163,7105
7221,11567
7221,7234
7221,7190
7221,11563
3879,3960
3879,369
4657,4658
4657,66
4657,4656
7090,7099
7090,7095
7090,7138
7090,7139
7090,7127
7090,7133
7090,8732
7090,7107
7090,8723
11853,11809
12205,12211
12205,12203
12205,12322
12205,12207
12235,12234
12235,12318
12235,11865
12235,12051
12235,11868
12235,12220
12280,12278
12280,12271
12280,12282
12280,12400
1512,379
1512,3974
1512,282
1512,110
3976,6347
3976,3977
3976,381
3976,1517
8684,3114
8684,8683
8684,8692
8684,9474
8684,8693
8684,7975
2323,1066
2323,453
4404,4651
4404,4652
4404,9790
4404,4347
4404,4596
5151,176
5151,5150
5151,5114
6351,9335
6351,9347
6351,6350
6351,2421
9336,9348
9336,6036
9336,9337
9336,6040
10177,10167
10177,10173
11543,11535
11543,11544
11571,11588
11571,11594
11571,1728
11571,11579
11571,210
11571,406
11571,11603
11819,11774
11819,11949
11819,11807
11819,12165
11819,12168
11819,11813
11819,11804
12350,12327
12350,12228
12350,12374
12350,12376
12350,12351
12350,12364
12350,12366
12350,12367
7041,127
7041,1672
7041,166
7041,7035
7041,7053
9889,10055
9889,10248
9889,10054
9889,9826
9889,10255
12310,12302
12310,12311
12310,12304
12310,12257
1087,7244
1087,686
1087,10848
3932,6837
3932,8602
3932,8596
3932,8608
3932,4068
9765,9806
9765,9805
9765,9772
9765,9764
3639,153
3639,3638
5179,5307
5179,5192
5179,5163
6460,6464
6460,6683
6460,6681
6460,215
6460,132
6460,1891
6460,6646
6681,6460
6681,6683
6681,6680
6681,6646
6681,6678
7228,7180
7235,7242
7235,9127
7235,6695
7235,7074
7235,9114
8997,9370
8997,9424
9892,10263
9892,10292
9892,9832
9892,9829
9892,9944
9892,10138
10312,10270
10312,10264
11453,11465
11453,11441
12208,12011
12208,12210
12208,12209
12208,12012
12208,11802
1658,592
1658,400
1658,396
1658,6534
4269,565
4269,6377
4269,120
4269,7776
4269,7779
4269,561
4269,560
4269,1420
6837,6848
6837,2991
6837,6841
6837,3932
6837,8602
6837,4067
9812,4645
9812,9813
9812,9811
3974,379
3974,3975
3974,1512
3974,282
9256,9125
9256,3065
9256,6225
9256,9305
10537,10479
10481,10491
10481,10532
10481,10630
10481,10631
10481,8813
10481,8756
10481,10500
10481,9015
3741,366
3741,536
3741,3699
4681,8580
4681,8585
4681,4669
4681,8584
8244,3915
8244,8243
8730,8731
8730,8729
8730,8728
11852,11805
11852,11928
5318,5173
5318,5320
5318,5308
7066,7065
7066,7031
8762,8778
8762,8756
8762,8772
8762,8810
8762,8860
8762,8862
8762,6336
6957,5397
6957,6958
6957,5553
6957,5554
6957,5548
6957,5395
12356,12361
12356,12353
12356,12358
12356,12372
1647,289
1647,404
11870,12074
11870,12250
11870,12375
11870,12377
12376,11871
12376,12377
12376,12374
12376,12350
6068,1495
6068,7812
6068,6067
6068,707
8227,8226
8227,8166
8227,8179
7077,6000
7077,190
7077,7083
11578,622
11578,11604
8167,8164
8167,7690
8167,8206
8167,8176
8167,8172
11237,11235
11237,11243
11237,592
11237,11233
937,291
937,292
937,166
937,1684
937,1672
5317,73
5317,5191
5317,5316
9738,9649
9738,10690
10138,10292
10138,9892
10138,9829
10138,10139
10138,9875
10138,9839
10646,66
10646,10639
10646,10645
10646,10641
10646,10679
10646,10651
10646,5334
10864,3909
10864,10815
10864,11345
5029,18
5029,6197
5029,6353
6687,6669
6687,6646
6687,6678
6687,6680
6687,6674
6687,6670
6687,6672
6687,6671
385,11253
385,204
385,581
5149,5150
5149,5148
5149,5114
10643,10668
10643,3684
10643,10638
10643,10669
10643,10640
10643,10649
10643,4769
10852,11706
10852,10839
10852,10831
11895,11894
11895,11901
11895,11890
671,2307
671,43
671,1085
671,228
671,2308
968,38
968,132
968,1775
2360,56
2360,6463
3919,6042
3919,43
3919,575
5114,176
5114,5151
5114,5150
5114,5149
5114,5117
5114,4158
6345,578
6345,6036
6345,887
6345,6347
6345,3920
6345,3921
6535,6527
6535,6604
6535,6541
6535,6566
6535,6529
9536,9594
9536,9526
10684,4345
10684,10650
11598,11605
11598,11574
672,2309
672,228
672,2264
672,6049
672,2310
6810,861
6810,279
6810,8299
7824,7814
11604,11578
11604,11605
20,5547
20,5548
20,6029
20,2685
20,7101
20,7134
20,8733
622,314
622,11578
622,2086
622,294
622,2087
8682,9466
8682,9465
8682,251
9357,9360
9357,9356
9357,9361
9357,9345
9357,9343
9357,9359
802,1349
802,153
3554,64
7753,7689
7753,6378
7753,6435
7753,7686
10162,9823
10162,10163
10162,9828
10162,9840
12345,12349
12345,12343
12345,12217
12345,12359
555,119
555,369
555,1386
555,267
555,18
2315,673
2315,178
3810,196
3810,116
4136,198
4136,4137
4136,120
5121,6317
5121,5119
7823,7810
7823,7809
10468,10467
10468,10472
10468,10280
10468,10431
10468,10279
10468,10320
3557,64
3557,10305
6001,8560
6001,7242
6001,5861
6001,9127
8832,8775
8832,8833
8832,8771
10469,10470
10469,10471
10469,10472
10279,10467
10279,10468
10279,10320
10279,10473
10279,10474
10447,10304
10447,10448
12420,12426
12420,12421
12420,12424
12420,12411
5148,5149
5148,5119
5148,5117
7164,7085
7164,7105
7219,7179
7219,7195
7219,11569
7219,7194
9521,9524
9521,10168
9521,10174
9521,9523
9521,9532
9521,9585
9521,9584
9521,10167
9521,10171
9521,10173
10477,9
10477,10478
10477,64
11207,11205
11207,11206
6051,6049
6051,27
6051,6222
8202,8208
8202,8169
9360,9357
9360,9334
289,11250
289,941
289,404
289,1647
289,1643
289,11263
8209,8211
8209,8208
9897,10433
9897,10470
9897,9952
9897,9837
9897,3532
10528,10493
10528,10492
12331,12332
12331,12334
12331,12335
12331,12380
12331,12338
12331,12339
12331,12340
12331,12341
12331,12324
176,177
176,6049
176,5152
176,6327
176,4158
176,5114
176,5151
176,27
8738,8726
9288,9108
9288,9289
9288,9520
543,536
543,10637
543,4789
543,10671
543,807
543,4776
1643,11263
1643,289
12358,12356
12358,12349
12358,12359
12358,12372
3124,190
3124,1228
3124,7894
3124,7968
3920,6350
3920,6036
3920,6040
3920,6345
3920,3921
3920,50
4134,267
4134,4878
4134,5031
4134,6200
7106,7097
7106,7085
7106,7165
582,6530
582,11257
582,1567
582,11276
582,1565
582,11248
9223,9113
9223,9299
10379,10311
10379,10310
12137,12134
2108,316
2108,223
6670,6669
6670,6687
6670,6671
6670,6666
8564,10257
8564,8560
11233,11239
11233,11241
11233,11237
11233,11235
11233,6527
11233,7028
4008,138
4008,4009
4008,41
5308,5173
5308,5318
5308,5320
5308,5321
5308,5309
5308,5168
6958,5458
6958,5551
6958,6957
6958,5397
11255,11295
11255,10227
11255,11252
11255,11287
581,3907
581,11253
581,385
581,1555
7307,8713
7307,8308
7307,9518
7307,6029
7307,7297
9364,9368
9364,9366
9364,8800
9364,8785
10377,10310
10377,10308
135,453
135,674
135,1075
135,230
135,1884
135,42
135,981
135,4753
1077,677
1077,2357
2349,320
2349,6206
7154,7118
7154,7092
8175,8164
8175,8169
8175,8166
8175,8192
8175,8185
8304,8303
8304,7111
8304,8302
8304,8272
10068,9829
10068,10075
10068,9852
10068,10128
10757,10688
10757,10705
10763,10691
11921,11811
11921,11824
11921,11920
11921,11919
11921,11875
686,1087
686,7244
686,2499
686,10848
4645,12173
4645,9811
4645,9812
4645,9813
4645,9814
4645,4651
4645,4652
6210,6212
6210,80
117,3818
117,4242
117,4243
8740,7086
8740,8719
8740,8726
9032,8757
9032,9033
9032,9366
10874,11011
10874,10816
10874,10836
11605,11604
11605,11574
11605,11598
12395,12394
12395,12393
12395,11803
4655,4656
4655,366
4655,806
4778,4812
4778,8229
4778,82
4778,460
4778,4771
7975,9301
7975,8684
7975,8693
7975,9125
3880,369
3880,1394
4246,68
4246,6065
4246,1388
8260,8259
8260,8269
8260,8261
8260,8258
8260,8256
8754,8747
8754,8752
8754,8745
9289,9288
9289,9108
9289,7410
9289,9520
196,3810
196,116
196,3809
196,3891
1672,127
1672,1684
1672,937
1672,166
1672,7041
2223,27
2223,4158
2223,226
2223,657
6289,6317
6289,8437
6289,11839
6289,5119
7817,7826
7817,7810
7817,7815
9377,9420
9377,9419
9377,9378
9377,9367
1353,3675
1353,3674
1353,361
1353,56
7091,7096
7091,7114
7091,7113
7091,7145
7091,7144
7091,8720
7091,8743
9299,9298
9299,9223
9299,9113
9299,9211
9299,9143
9512,9509
9512,8565
9512,9275
12203,12213
12203,12201
12203,12323
12203,12205
4378,4282
4378,4384
4378,9770
4378,9774
4378,4345
4378,4643
4652,4651
4652,4645
4652,9794
4652,4404
10308,10366
10308,10310
10308,10377
10308,10268
10308,10365
10308,10364
10308,10363
12210,12324
12210,12368
12210,12370
12210,12372
12210,12373
12210,12211
12210,12208
282,110
282,1512
282,3974
282,3975
282,3952
282,3953
282,1506
282,1507
887,578
887,6345
2308,671
2308,228
7328,7401
7328,7365
7328,7475
7328,7318
7328,7306
9184,9117
9184,9297
9184,5405
9184,5440
3994,73
3994,3995
7242,6001
7242,7235
7242,9127
8350,6253
8350,8435
8350,11808
8350,11839
9764,9765
9764,9775
9764,9807
7937,9287
7937,9120
7937,9244
7937,7988
8744,10825
8744,8751
8744,8755
10137,10136
10137,9840
10137,9988
10137,6000
10472,10471
10472,10469
10472,10470
10472,10273
10472,10431
10472,10468
10633,10632
10633,10507
10633,10484
10633,8764
10633,10542
10633,10480
11854,11809
11854,11804
11854,11932
5283,5321
5283,5322
5283,5309
6453,6514
6453,7186
6453,3988
6453,3989
6453,1632
6453,11225
6453,6507
7085,7165
7085,7097
7085,7106
7085,7167
7085,10807
7085,7164
7085,7105
11439,11438
11439,11452
11439,11458
11439,11445
11439,11465
11439,11441
11439,11450
11439,11454
12359,12358
12359,12345
12359,12215
12359,12373
8727,7095
8727,8725
11252,393
11252,597
11252,11295
11252,11255
11252,11249
11252,11287
11252,11257
11252,6530
8763,8756
8763,8880
8763,8759
8763,8772
8763,8863
10075,9829
10075,10068
11809,11441
11809,11804
11809,11854
11809,11932
11809,11853
11875,11811
11875,11921
11875,11920
977,1891
977,215
977,38
5333,6437
5333,6445
5333,6447
5333,10267
5333,9
5333,10334
5333,3556
6558,1554
6558,926
6558,395
6558,6536
6558,6540
8170,8165
8170,7686
8170,8168
8170,7692
8170,8164
9988,9840
9988,9914
9988,10137
11593,11577
11593,11572
11914,11913
11914,11845
11914,11906
1417,560
1417,561
1676,603
1676,72
1676,11245
1676,11238
9287,9286
9287,7937
9287,7988
9287,9146
10493,10504
10493,10479
10493,10482
10493,10528
10493,10492
10850,10831
10850,11020
10850,11019
10850,10990
404,941
404,2107
404,316
404,289
404,1647
8192,8175
8192,8185
10248,10055
10248,9889
10248,10254
10248,10255
5397,5454
5397,7087
5397,5458
5397,6958
5397,5395
5397,6957
5397,5422
11803,11839
11803,8407
11803,5096
11803,11808
11803,12394
11803,12395
11803,12158
11803,12159
11803,11998
11803,11820
11803,11861
11803,11999
7117,7096
7117,7086
9474,8684
9474,8692
9474,8700
9474,8687
9474,9466
9474,8693
11865,12235
11865,12051
11865,11814
11865,12039
11865,12222
11865,12223
6067,6068
6067,7812
6067,7819
6067,862
6067,7809
6067,1485
6067,1488
6067,1116
6067,239
6347,6345
6347,1517
6347,3976
6347,3921
4596,4404
4596,4347
4596,4558
3553,351
3553,64
8719,7086
8719,8743
8719,7096
8719,8742
8719,8720
8719,8740
11931,11930
11931,11856
12128,11846
12128,12132
12128,12160
12128,12161
12278,12276
12278,12273
12278,12280
12278,12398
251,9125
251,8682
251,8693
251,9466
251,3065
251,6225
4757,4759
4757,6201
6808,12170
6808,8263
8734,7137
8734,7102
8734,7095
10495,10479
10495,10486
10495,10485
10495,10505
10495,10482
12275,12274
12275,12263
12275,12273
12275,12276
5167,416
5167,4144
5167,4145
5167,5173
5167,5191
7812,1495
7812,7811
7812,7819
7812,6067
7812,6068
9274,9109
9274,9114
9274,9271
10304,10303
10304,10390
10304,10311
10304,10389
10304,10447
10765,10701
10765,10686
12380,12382
12380,12381
12380,11871
12380,12331
292,291
292,949
292,6608
292,403
292,6619
292,937
292,166
403,292
403,945
403,6619
403,6620
403,72
403,166
403,606
927,290
927,165
927,594
927,3989
1549,32
1549,2415
1755,962
1755,411
6333,43
6333,6334
6333,177
8265,12170
8265,8263
8265,8266
9211,9299
9211,9143
9260,9106
9260,9301
9260,9125
9829,9892
9829,9831
9829,9944
9829,10075
9829,10068
9829,9852
9829,10138
9829,10139
12340,12331
12340,12341
12340,12327
12340,12324
38,5696
38,6336
38,8810
38,8859
38,977
38,215
38,968
38,1775
38,132
38,1763
38,5675
38,5686
2385,231
2385,42
2385,1076
2991,749
2991,6848
2991,6837
2991,4067
5152,6327
5152,176
5554,5553
5554,6712
5554,5548
5554,6957
11235,7035
11235,11242
11235,7070
11235,1660
11235,7069
11235,11237
11235,11233
11235,11241
12250,11870
12250,12252
12250,12248
12250,12228
12426,12428
12426,12420
12426,12410
4060,491
4060,4062
4060,1189
6379,6435
6379,7686
6379,6378
6379,272
6379,6377
6379,6433
6379,7748
7011,6975
7011,8803
10350,10288
10350,10269
11577,11573
11577,294
11577,11592
11577,11593
11577,11570
9498,9490
9498,9499
11548,11538
11548,11539
5672,646
5672,5734
5672,7201
5672,5736
5672,5675
5672,5737
5672,411
5672,962
5672,1756
5672,7199
5672,1020
5672,407
5672,7180
5672,7227
12296,12411
12296,12424
12296,12298
12296,12291
3944,9
3944,3556
3944,3945
7700,7754
7700,6378
7700,7689
7779,4269
7779,7776
7779,7781
7968,190
7968,3124
7968,7894
7968,8687
9379,9367
9379,9416
9379,9375
11042,10839
12035,11842
912,6540
912,395
912,393
912,6530
912,6580
4158,176
4158,5114
4158,5117
4158,226
4158,27
4158,2223
10811,11016
10811,10849
10811,10837
10811,11005
10811,11173
10811,11174
10811,11175
11021,10831
8723,8722
8723,7107
8723,7090
8723,8732
6620,6619
6620,6608
6620,6611
6620,945
6620,403
12092,11873
12092,12091
12398,12094
12398,12278
12398,12400
12398,12404
606,166
606,403
606,603
606,72
606,7069
606,7070
8585,8588
8585,8596
8585,8580
8585,4681
8585,8584
8585,8608
8585,8609
8771,8775
8771,9414
8771,8832
8771,8979
8771,8757
10139,10138
10139,9829
10139,9852
10139,9839
10455,10286
10455,10335
10632,10507
10632,10633
10632,10480
1065,229
1065,2339
1065,178
12388,11849
12388,12390
12388,12389
12388,12156
3556,5333
3556,9
3556,3944
5307,5306
5307,5164
5307,5179
5307,5192
12375,12377
12375,11870
12375,12228
12375,12374
7194,7179
7194,7219
7194,11569
7194,11561
7194,7184
8241,8239
8241,8243
9805,9772
9805,9765
9805,9806
10474,10473
10474,10279
10474,10316
10474,10278
2421,9354
2421,6351
2421,2419
2421,459
5309,5308
5309,5283
5309,5321
5309,5322
5309,5323
5309,5187
5309,5258
5309,5168
7097,7122
7097,7088
7097,7085
7097,7167
7097,7106
7193,7181
7193,7182
7193,9490
10873,8250
10873,8251
10873,10825
11206,11207
11206,11205
11893,11903
11893,11894
11893,11891
592,1673
592,11237
592,11238
592,11243
592,72
592,400
592,1658
592,6534
592,6527
3114,335
3114,8683
3114,8684
3114,9301
9509,9513
9509,8566
9509,8560
9509,9512
9509,8565
10668,4776
10668,10638
10668,10643
10668,3684
11871,12380
11871,12376
11871,12327
11871,12339
7038,287
7038,7033
7038,6533
7038,7030
7306,8660
7306,7328
7306,7401
7306,7318
7306,7309
7306,7412
7306,7413
8751,8744
8751,8755
8751,8747
10716,7484
10716,7493
10716,10702
27,4013
27,6051
27,6219
27,6222
27,176
27,4158
27,2176
27,657
27,2223
27,11535
27,11559
27,11560
8176,8167
8176,7690
8176,8206
8217,8168
8217,8165
8731,8732
8731,8736
8731,8730
7477,7318
7477,7475
7477,7476
7477,7478
7477,7422
7477,7436
9322,9324
9322,9687
9322,10708
9322,9333
9322,9309
9322,10773
12163,12146
12163,11873
177,2264
177,228
177,43
177,6333
177,176
177,6327
177,6049
11173,11175
11173,10811
11173,11005
11173,11182
11173,11183
314,959
314,7185
314,2086
314,622
314,7233
314,7234
1387,832
1387,6437
9649,9670
9649,11211
9649,9738
9649,9651
9649,11210
10278,10316
10278,10474
10278,10270
10278,10387
11861,11820
11861,11803
11861,12158
11861,12166
4818,4769
4818,10640
4818,4839
4818,30
7412,7309
7412,7306
7412,7413
7412,7345
7412,7315
8764,10542
8764,10633
8764,8795
8764,10484
8764,8759
8764,8756
9337,9336
9337,6040
9337,6350
10649,10643
10649,10669
10649,10640
11999,2198
11999,11803
11999,11998
11999,11977
381,1517
381,3921
381,3976
381,3977
381,882
381,32
381,1516
10082,9832
10082,9896
10082,9831
10082,9944
11566,7224
11566,7185
11566,7223
11566,7233
11566,11561
9594,9597
9594,9527
9594,9536
10685,10687
10685,11223
10685,10717
10685,10699
10685,10729
5119,5148
5119,5121
5119,6317
5119,6289
5119,11839
5119,5113
6566,6541
6566,6593
6566,6529
6566,6535
8679,8308
8679,8306
8679,8661
8679,8680
8679,6029
8679,8659
8775,9378
8775,8803
8775,9024
8775,9025
8775,8771
8775,8832
8775,8833
11824,11811
11824,11878
11824,11877
11824,11916
11824,11876
11824,12116
11824,11919
11824,11918
11824,11921
12408,12409
12408,12292
12408,12406
646,5734
646,5672
646,7201
7074,7235
7074,9114
7074,7073
7074,7080
7074,9106
8169,8202
8169,8208
8169,8165
8169,8164
8169,8175
10650,4345
10650,10684
10650,10642
10772,10701
10772,10708
11887,11891
11887,11825
11887,11886
11926,11802
11926,12320
11926,12322
11926,12323
11926,11842
11926,11827
3907,3906
3907,11253
3907,581
3907,1555
4296,4349
4296,12174
4296,3891
4296,8554
11311,11299
11311,6712
11311,7297
11311,11310
1735,7200
1735,1020
1735,407
1735,7179
8222,8213
8222,8223
9359,9334
9359,9357
9359,9343
9359,9341
12099,11908
12099,12100
12099,11903
9808,9807
12168,12166
12168,12165
12168,11819
12168,11774
10485,10486
10485,10489
10485,10509
10485,10577
10485,10507
10485,10573
10485,10495
418,453
418,981
418,4753
594,927
594,165
594,1671
594,127
594,918
594,6449
9419,9378
9419,9377
9861,9834
9861,9825
9861,9925
9861,10148
9861,9823
7309,7306
7309,8659
7309,8660
7309,7339
7309,7315
7309,7412
7309,7338
8251,8252
8251,10873
6611,6608
6611,6607
6611,1709
6611,945
6611,6620
12165,12168
12165,11860
12165,11807
12165,11819
2183,657
2183,1051
2183,11544
9304,9125
9304,9305
9304,9120
862,7809
862,7820
862,6067
1775,38
1775,968
6334,43
6334,575
6334,6332
6334,6333
11987,11802
11987,11827
11987,11986
1388,4246
1388,6065
1388,268
6332,6334
6332,575
9862,9887
9862,9929
9862,9825
9862,9834
9862,10040
12351,12350
12351,12229
12351,12347
12351,12353
10173,10167
10173,9521
10173,10177
267,1386
267,555
267,4878
267,4134
267,6199
267,6200
267,18
6222,6051
6222,27
6222,6219
6507,6453
6507,11225
6507,6512
7128,7133
7128,7131
7128,8737
7128,8736
7818,7811
7818,1495
9823,9830
9823,9890
9823,9834
9823,9861
9823,10148
9823,10149
9823,9840
9823,10162
9823,10163
9823,10135
9823,10136
12327,12338
12327,12339
12327,12340
12327,12341
12327,11871
12327,12350
12327,12362
12327,12364
12327,12368
12327,12324
9528,9535
9528,9523
10332,10267
10332,10286
561,560
561,4269
561,1420
561,1417
2146,76
2146,4011
9505,9506
9505,8563
9505,10257
9505,9513
9505,8566
9505,8560
9526,9536
9526,9609
9526,9610
12112,12144
12112,11884
12112,12276
7185,7223
7185,7199
7185,411
7185,959
7185,314
7185,7233
7185,11566
10712,7482
10712,1189
10712,4062
10712,4063
10712,10689
10712,10788
10712,10780
10712,10702
459,9338
459,9339
459,9346
459,2421
459,2419
459,50
459,1079
459,322
5163,5192
5163,5258
5163,5187
5163,5179
6607,6608
6607,6612
6607,408
6607,10228
6607,6611
6607,1709
9324,10710
9324,9333
9324,9735
9324,9322
9324,9687
9485,7894
9485,9465
9485,9469
10052,9825
10052,9929
11866,12051
11866,11814
6447,6445
6447,5333
1488,6067
4759,4761
4759,6201
4759,4757
5164,5168
5164,5306
5164,5307
5191,416
5191,5167
5191,5317
8231,8230
8231,3914
9508,9506
9508,8563
9508,8583
9508,4730
11919,11921
11919,11824
11919,11918
11919,11920
153,802
153,1349
153,3639
153,3915
1034,2148
1034,650
1034,76
1506,110
1506,2478
1506,282
2148,650
2148,1034
10163,9823
10163,10149
10163,9828
10163,10162
7989,7988
7989,9244
7989,9113
7989,9146
11256,11270
11256,11249
11256,11251
11256,204
11256,11253
12343,12347
12343,12220
12343,12219
12343,12345
2310,672
2310,6049
3690,806
3690,3699
3690,3700
3690,3687
3690,361
4731,4730
4731,8563
4731,4666
10387,10278
10387,10270
10509,10489
10509,10490
10509,10485
12386,12156
12386,12389
12386,12387
12386,11808
1728,11579
1728,11229
1728,406
1728,11571
3550,3945
3550,351
8435,8437
8435,6253
8435,8350
8435,11839
272,6378
272,558
272,120
272,565
272,6377
272,6379
4011,4010
4011,2146
4011,76
4011,317
4643,4282
4643,4345
4643,4378
4643,10639
4643,10642
4643,66
4643,4377
4643,3718
8680,8679
8680,8661
8680,8660
8680,8659
10362,10268
10362,10265
10362,10337
11221,9698
11221,11205
11221,9647
11221,9749
3638,3639
3638,202
10480,10482
10480,10505
10480,10632
10480,10633
10480,8756
10480,10542
10480,10532
10480,10630
10480,10631
12256,12257
12256,12244
12256,12254
283,50
283,1516
283,3921
283,32
283,2415
283,2417
1565,6594
1565,582
1565,11248
1565,11247
3922,165
3922,210
3922,11603
3922,3923
3922,127
3922,1671
7204,7184
7204,7203
7204,7189
11231,11574
11231,11229
12372,12370
12372,12356
12372,12358
12372,12373
12372,12210
2086,314
2086,622
2086,294
2086,7234
6675,6674
6675,6676
6675,416
6675,6661
7179,7231
7179,7180
7179,7202
7179,1735
7179,407
7179,7200
7179,7184
7179,7194
7179,7219
7179,7195
7179,952
7179,7203
7234,7233
7234,314
7234,2086
7234,294
7234,7221
7234,7190
7411,7410
7411,8306
7411,9518
7820,7809
7820,862
9295,9294
9295,9146
9295,9296
9295,9117
12314,12306
12314,12315
12314,12319
12314,12312
9375,9379
9375,9415
9375,8757
11544,2176
11544,657
11544,2183
11544,11535
11544,11543
11835,11969
11835,11959
11835,11820
11835,12166
11835,11960
11835,11957
7410,9520
7410,9289
7410,7411
7410,9518
10174,10224
10174,10168
10174,10171
10174,9521
10174,10225
11902,11903
11902,12100
11902,11901
11902,11894
43,1085
43,3952
43,3953
43,3919
43,6042
43,575
43,6333
43,6334
43,671
43,228
43,177
9467,9465
10702,7493
10702,10716
10702,7482
10702,10712
10702,10780
10702,10701
10702,10769
5313,5312
5313,5314
6437,5037
6437,832
6437,1387
6437,6064
6437,5333
6437,10267
6437,10333
6437,6443
6437,6445
8803,7011
8803,9024
8803,8775
8803,9378
9193,7476
9193,9124
9343,9359
9343,9357
9343,9345
9343,9338
9343,9342
9343,9339
12012,12208
12012,11802
440,6217
10690,9738
10690,10687
11239,11241
11239,7035
11239,11233
11239,7058
12309,12302
12309,11811
12309,12307
12309,12311
6376,6206
6376,6375
10681,10645
10681,10679
11562,11564
11562,7196
11562,11561
11562,11563
11562,7182
11562,7181
4144,418
4144,4145
4144,5167
7101,20
7101,7134
7101,7102
7101,2685
9368,10484
9368,9364
9368,8795
9368,8785
10512,8945
10512,9373
10512,10514
10512,10484
10512,10483
10512,10629
2393,2395
2393,1079
2393,322
2393,321
8308,9518
8308,8306
8308,8679
8308,7307
12339,12331
12339,11871
12339,12327
12339,12338
7184,7179
7184,7203
7184,7194
7184,11561
7184,7196
7184,7218
7184,7204
7184,7189
9396,9374
9396,9373
11804,11445
11804,11832
11804,11818
11804,11949
11804,11819
11804,11934
11804,11826
11804,11813
11804,11809
11804,11854
11804,11441
12307,12309
12307,11811
12307,12315
12307,12306
4013,4012
4013,6219
4013,27
4013,11558
4013,11559
11253,11254
11253,11270
11253,11256
11253,581
11253,385
11253,3907
6214,6216
6214,6046
6214,110
6214,379
6214,11298
8263,8265
8263,6808
8263,8264
8263,8267
8302,8304
8302,3908
12125,12423
12125,12160
12125,12161
12125,12118
2309,228
2309,672
5316,73
5316,5317
5316,5312
9953,9837
9953,10103
9953,7587
9953,9867
72,606
72,945
72,1709
72,403
72,10228
72,10232
72,400
72,1687
72,603
72,1676
72,1673
72,592
72,11245
223,41
223,317
223,76
223,1026
223,4004
223,316
223,2108
294,2086
294,7190
294,7234
294,622
294,2087
294,11577
294,11592
294,11573
7686,7755
7686,7694
7686,8168
7686,7689
7686,7753
7686,6435
7686,7748
7686,6379
7686,7687
7686,7692
7686,8170
10446,10279
10446,10303
10637,536
10637,10674
10637,10651
10637,10641
10637,10676
10637,10638
10637,10644
10637,10675
10637,543
10637,10671
10644,10637
10644,10675
10644,10673
10644,10638
10904,11825
10904,7246
10904,7244
12207,12209
12207,12205
12207,12320
12207,11802
945,6620
945,1709
945,6611
945,72
945,403
3718,4643
3718,66
3718,4658
5192,5307
5192,5163
5192,5179
12363,12362
12363,12366
12363,12361
12363,12368
4068,4067
4068,3932
4068,4069
4068,485
4068,244
7799,839
8218,8165
8218,8178
7031,7066
7031,7058
7031,7028
7031,7067
10135,10134
10135,9823
10135,9830
10135,10136
10135,6000
11225,6453
11225,6512
11225,6507
11225,11228
11225,6449
11225,6506
12404,12093
12404,12398
12404,12405
120,272
120,558
120,18
120,554
120,4136
120,4137
120,7775
120,565
120,4269
141,657
141,226
141,6276
141,6277
141,2198
141,11514
141,5096
141,1051
141,11837
244,485
244,10689
244,4068
244,4069
244,146
244,9333
244,9735
244,10710
6676,6677
6676,6675
7127,7090
7127,7133
7127,8736
7127,8732
8223,8222
8223,8213
8223,8211
8223,8210
455,320
455,144
455,2319
455,6206
3975,3974
3975,3953
3975,282
8239,3914
8239,8241
8261,8262
8261,8260
11977,11837
11977,11514
11977,11999
11977,11968
11977,11981
12341,12331
12341,12338
12341,12327
12341,12340
4838,30
4838,4839
4838,4794
4838,10663
4838,4837
8660,8659
8660,8680
8660,7401
8660,7306
8660,7309
10364,10365
10364,10308
10364,10363
10364,10476
11241,7035
11241,11235
11241,11233
11241,11239
11458,11445
11458,11439
9,3556
9,5333
9,10286
9,10334
9,10335
9,64
9,10477
9,351
9,3944
9,3945
5150,5151
5150,5149
5150,5114
7082,7073
7082,6000
7811,7813
7811,7819
7811,7809
7811,7818
7811,7812
7811,1495
11514,141
11514,2198
11514,11977
11514,11837
2318,80
2318,229
2318,673
6217,6223
6217,6219
6217,440
11938,11934
11938,11826
8185,8192
8185,8175
8185,8166
8185,8226
10295,10271
10295,10263
10295,10292
10295,10264
10454,10478
10454,10476
11242,1660
11242,11238
11242,11235
369,1394
369,3880
369,3879
369,3960
369,1386
369,3846
369,119
369,555
1079,82
1079,459
1079,9339
1079,322
1079,2395
1079,2393
2990,491
2990,250
2990,749
2990,4066
4789,543
4789,10671
4789,10638
4789,4776
8745,8754
8745,8752
8745,10816
8745,10849
11557,4012
11557,11558
11557,11534
12215,12359
12215,12217
12215,12201
12215,12213
8554,12174
8554,4296
8554,3891
8554,6356
8554,12178
8554,12180
882,381
882,32
7484,10794
7484,7482
7484,7493
7484,10716
9947,9896
9947,9831
11877,11344
11877,10864
11877,11824
11877,12116
8259,8268
8259,8262
8259,8260
8259,8269
8945,8774
8945,9369
8945,10514
8945,10512
8945,10483
11243,11238
11243,592
11243,11237
11247,6594
11247,11248
11247,1565
11247,6529
12394,11808
12394,12393
12394,12395
12394,11803
3909,3908
3909,10824
9914,9840
9914,9828
9914,9988
10148,9861
10148,9925
10148,10149
10148,9823
10671,543
10671,10637
10671,10638
10671,4789
10679,10646
10679,10681
10679,10641
10701,10702
10701,10689
10701,10780
10701,10772
10701,10708
10701,10765
10701,10764
10701,10767
10701,10768
10701,10766
11588,11572
11588,11594
11588,11571
11588,11602
3678,45
3678,4776
3678,3679
3678,804
7200,7180
7200,7227
7200,1020
7200,1735
7200,7179
12298,12296
12298,12422
12298,12300
12298,12289
1228,190
1228,6000
1228,3124
1228,7894
8228,8230
8228,4876
12228,12374
12228,12375
12228,12250
12228,12229
12228,12350
132,38
132,215
132,6460
132,6646
132,6691
132,6692
132,968
132,976
5306,5315
5306,5326
5306,5164
5306,5307
8979,8771
8979,8757
10235,10129
10235,10254
10235,10255
10235,10003
10235,10146
10235,9826
10235,10236
10703,10729
10703,7088
10703,10808
10705,10688
10705,10757
11229,11579
11229,11574
11229,11231
11229,100
11229,1728
11229,406
6619,292
6619,6608
6619,6620
6619,403
7058,11239
7058,7028
7058,7031
11560,11559
11560,27
11560,11535
11560,11550
11560,11534
6277,226
6277,6278
6277,6276
6277,141
8214,8178
8214,8165
8214,8213
8214,8220
9275,9512
9275,5861
9275,9109
9275,9277
10270,10387
10270,10278
10270,10271
10270,10264
10270,10312
5315,5314
5315,5326
5315,5306
6689,6649
6689,6690
6689,73
8177,8216
8177,7694
8177,8168
11558,11557
11558,4012
11558,4013
11558,11559
11558,11534
1884,135
1884,42
1884,5871
1884,4753
9584,9521
2478,110
2478,1506
5314,5313
5314,5315
6678,6680
6678,6681
6678,6677
6678,6687
9867,9952
9867,10159
9867,7587
9867,9837
9867,9953
9867,9896
9867,9832
9867,10263
10236,10003
10236,10235
10236,9833
3914,3915
3914,8239
3914,8231
3914,8230
4005,4004
4005,76
6405,6380
6405,6383
335,190
335,3114
335,8683
335,9300
335,9301
9513,9505
9513,8566
9513,9509
12367,12366
12367,12350
12367,12353
12367,12361
1066,143
1066,453
1066,2323
4282,6975
4282,4558
4282,4347
4282,9770
4282,4378
4282,4377
4282,4643
9535,9609
9535,9610
9535,9528
10389,10304
10389,10316
10389,10311
12152,11840
12152,12153
12152,11805
12320,12207
12320,12322
12320,11926
12320,11802
32,1516
32,283
32,2415
32,882
32,381
32,6047
32,6215
32,1549
32,892
575,43
575,3919
575,6332
575,6334
8965,9424
8965,9369
8965,8774
10129,10128
10129,10235
3532,9897
3532,10108
3532,9837
4753,418
4753,981
4753,135
4753,1884
4753,5871
6514,7186
6514,6453
8213,8220
8213,8214
8213,8165
8213,8223
8213,8222
8584,8585
8584,4681
8584,8609
8584,8610
8584,8611
2307,1085
2307,671
6649,6648
6649,6652
6649,6689
8755,8744
8755,10825
8755,10836
8755,8747
8755,8751
10699,10727
10699,10687
10699,10685
6276,6277
6276,6279
6276,8407
6276,141
12419,12429
12419,11846
12419,12425
12419,12421
6658,6657
6658,6666
6658,6659
6658,6655
7318,7328
7318,7306
7318,7475
7318,7422
7318,7477
7318,7413
7409,9291
7409,5560
7409,7475
7409,7365
9334,460
9334,9360
9334,9341
9334,9359
9334,82
8608,3932
8608,8585
8608,8596
8608,8609
8608,4069
9837,9897
9837,10108
9837,3532
9837,9953
9837,10103
9837,9867
9837,9952
10708,10701
10708,9687
10708,10710
10708,9322
10708,10772
11807,12165
11807,11860
11807,11997
11807,11964
11807,11813
11807,11819
11934,11804
11934,11826
11934,11938
4769,804
4769,3679
4769,3684
4769,4776
4769,10643
4769,4818
4769,10640
4769,30
7813,7811
9749,11221
9749,9647
9749,9748
10718,11224
10718,11223
10718,10687
11465,11439
11465,11441
11465,11453
5686,5675
5686,38
5686,1763
5686,963
5686,5737
6445,6443
6445,6437
6445,5333
6445,6447
6657,6691
6657,6666
6657,6658
6657,6655
9774,9770
9774,9787
9774,4378
1071,80
1071,229
4145,4144
4145,418
4145,5173
4145,5167
6322,226
6322,6321
6322,6285
6322,6278
9112,9169
9112,9106
10335,10286
10335,10455
10335,9
8172,8164
8172,8167
10136,10135
10136,9823
10136,10137
10136,6000
9033,9032
9033,8757
9033,8941
9033,9366
10578,10490
10578,10483
204,11256
204,11251
204,11261
204,385
7778,7775
7778,7807
7778,7776
7107,8724
7107,7099
7107,7090
7107,8723
7107,7125
7107,8722
7775,120
7775,18
7775,7778
7775,7807
7775,7776
9356,9361
9356,9362
9356,9355
9356,9357
9465,9469
9465,9485
9465,9467
9465,9466
9465,8682
10592,10634
10592,10582
10592,10489
10651,5334
10651,10646
10651,10641
10651,10637
10651,10674
121,1482
121,239
121,1484
121,861
121,279
8299,6810
8299,279
8299,8273
8299,12181
10263,10271
10263,10159
10263,9867
10263,9892
10263,9832
10263,10295
10263,10292
1020,7227
1020,5672
1020,407
1020,1735
1020,7200
6669,6692
6669,6646
6669,6670
6669,6687
6669,6666
7033,287
7033,918
7033,127
7033,7052
7033,7038
7033,6533
9244,7937
9244,9120
9244,9113
9244,7989
926,396
926,10166
926,395
926,6558
941,11250
941,11297
941,404
941,289
2130,76
2130,2129
2130,2117
2130,647
4009,4008
4009,4010
4009,41
7748,7686
7748,6379
7748,6433
7748,7687
8774,9000
8774,8965
8774,8945
8774,9369
8774,10483
8774,10635
5312,3995
5312,5316
5312,5313
7195,7179
7195,952
7195,11561
7195,7219
7195,11569
11270,11254
11270,11249
11270,11256
11270,11253
393,912
393,395
393,1656
393,597
393,11252
393,6530
7092,7118
7092,7154
7092,7084
7092,7104
7092,7087
9307,9277
9307,9109
9307,9306
10040,9887
10040,9862
10040,9834
10040,9826
11905,11907
11905,10935
11905,12100
6674,6687
6674,6677
6674,6675
6674,6661
10265,10362
10265,10264
10265,10292
10265,9875
10265,10337
11964,11807
11964,11813
12249,12252
12249,12247
12249,12234
12249,12248
12366,12364
12366,12350
12366,12367
12366,12363
12409,12410
12409,12408
10228,6607
10228,10229
10228,10232
10228,10230
10228,72
12364,12327
12364,12350
12364,12366
12364,12362
2264,672
2264,228
2264,177
2264,6049
7231,7202
7231,7179
7111,8303
7111,8304
10337,10268
10337,10362
10337,10265
10337,9875
10337,10340
12173,12174
12173,9814
12173,12175
12173,4645
12338,12331
12338,12339
12338,12327
12338,12341
7478,7477
7478,7476
7478,7436
10264,10312
10264,10270
10264,10295
10264,10271
10264,10292
10264,10265
12117,12301
12117,12118
12117,11811
1386,369
1386,3846
1386,4878
1386,267
1386,555
1482,239
1482,121
10292,10264
10292,10295
10292,10263
10292,10138
10292,9892
10292,10265
11329,10935
11329,11344
11329,11345
11329,11325
11329,11845
12209,12208
12209,12211
12209,12207
12209,11802
290,7186
290,605
290,11570
290,11575
290,165
290,927
290,3988
290,3989
6581,6534
6581,396
6581,1554
6581,6536
7315,7309
7315,7412
7315,7345
7315,7339
7781,7779
7781,7776
9271,9274
9271,9114
9271,9106
11573,7190
11573,294
11573,11577
11573,11570
1516,3921
1516,381
1516,32
1516,283
8249,8252
8249,8250
8249,8248
10341,10303
1517,6347
1517,3976
1517,381
1517,3921
4347,4558
4347,4596
4347,4404
4347,9770
4347,9790
4347,4282
6536,6534
6536,6581
6536,6558
6536,1554
6536,6540
6536,9502
6536,6527
6536,6541
7877,7878
7877,3284
11774,11818
11774,12168
11774,11819
11774,11949
12160,11846
12160,12128
12160,12161
12160,12125
12160,12423
12400,12398
12400,12280
12400,12401
12400,12405
6201,42
6201,6203
6201,4757
6201,4759
6201,4761
8800,9366
8800,8941
8800,9364
9290,9117
9290,9291
9290,8661
11812,12105
11812,11325
11812,10815
11812,10900
11812,7246
11812,7244
11812,11888
11913,11917
11913,11915
11913,11914
11913,11906
12428,12429
12428,12421
12428,12426
10171,10225
10171,10174
10171,9521
10171,10167
10257,8560
10257,8564
10257,9505
10686,10717
10686,10796
10686,10802
10686,10767
10686,10766
10686,10765
10686,10764
10686,10691
12116,11824
12116,11877
12116,11344
12116,11876
949,406
949,100
949,1730
949,6608
949,292
949,291
949,210
1080,322
1080,50
1080,2391
1080,2390
3688,3689
3688,806
3688,3687
6200,267
6200,4134
6200,5031
6200,6199
11808,11839
11808,8350
11808,12156
11808,12386
11808,12387
11808,12324
11808,12332
11808,12334
11808,12335
11808,12393
11808,12394
11808,11803
11890,11891
11890,11895
11890,11888
11890,11825
1074,2348
1074,144
1074,320
7201,646
7201,5672
7201,7180
8721,8724
8721,7125
8721,8722
10316,10474
10316,10278
8609,8608
8609,8585
8609,8584
8609,8610
8609,146
8609,4069
9502,6541
9502,6536
9502,6540
9502,6580
9502,6530
9502,6593
12093,12094
12093,12404
12093,12162
554,198
554,4137
554,119
554,18
554,120
4066,491
4066,749
4066,2990
4066,4067
4066,4062
4066,4063
5440,9117
5440,5405
5440,9184
5440,9143
5440,9298
5440,5560
5440,7475
9369,8774
9369,8965
9369,9425
9369,9374
9369,9373
9369,8945
9369,10514
10154,10155
10154,10151
10154,10153
12252,12074
12252,12254
12252,12249
12252,12250
6212,6211
6212,456
6212,6210
6652,6655
6652,6659
6652,6690
6652,6649
11016,10811
9466,8693
9466,9474
9466,9469
9466,9465
9466,8682
9466,251
10935,11344
10935,11329
11276,582
11276,11257
11276,11249
11276,1567
11603,11602
11603,11571
11603,210
11603,165
11603,3922
2395,82
2395,1079
2395,2393
2395,321
10390,10303
10390,10473
10390,10304
12323,12203
12323,11842
12323,11926
12323,12322
361,1353
361,3674
361,3687
361,3690
361,45
361,56
8583,9508
8583,4713
8583,4730
8583,8582
10273,10431
10273,10472
10273,10470
10273,10433
10273,10280
7339,7309
7339,7315
8268,8267
8268,8259
8268,8269
351,3550
351,3945
351,9
351,64
351,3553
9373,9369
9373,10514
9373,9374
9373,9396
9373,10512
9610,9609
9610,9526
9610,9535
12318,12312
12318,12319
12318,11868
12318,12235
6603,6601
6603,6527
6603,6604
8206,8167
8206,8176
9420,9377
9420,9367
11538,11534
11538,11550
11538,11535
11538,11548
11538,11539
11538,11545
11986,11987
11986,11827
11986,11985
12422,12424
12422,12425
12422,12423
12422,12118
12422,12298
918,594
918,127
918,7033
918,287
918,6449
3952,1507
3952,282
3952,3953
3952,43
3952,1085
8785,8795
8785,9364
8785,9368
8785,8759
9425,9424
9425,9370
9425,9374
9425,9369
9518,9302
9518,7410
9518,7411
9518,9520
9518,8308
9518,8306
9518,7307
9518,8713
9518,11308
9831,9944
9831,10082
9831,9896
9831,9947
9831,9829
45,56
45,361
45,807
45,4776
45,804
45,3678
45,30
45,2455
45,2446
8610,8609
8610,8584
8610,8611
8610,146
8778,8813
8778,9015
8778,8756
8778,8762
10849,8745
10849,10816
10849,10811
10902,10861
12155,12391
12155,12383
12155,12385
12370,12368
12370,12361
12370,12372
12370,12210
10256,9506
11561,11569
11561,7194
11561,7195
11561,952
11561,7224
11561,7233
11561,11566
11561,11567
11561,11563
11561,11564
11561,11562
11561,7184
11561,7218
11868,12235
11868,12317
11868,12318
11868,12319
11868,11811
11868,12051
12293,12292
12293,12411
12293,12291
12293,12263
10166,396
10166,10172
10166,10167
10166,10181
10166,10226
10166,926
10166,395
12285,12287
12285,12301
12285,11811
12285,12263
861,121
861,279
861,6810
2176,27
2176,657
2176,11544
2176,11535
3809,196
3809,3891
6195,6199
6195,4268
10149,10148
10149,9886
10149,9925
10149,9828
10149,9823
10149,10163
10688,10691
10688,10705
10688,10757
10688,10693
4268,6195
4268,118
5168,5308
5168,5309
5168,5164
8813,10481
8813,8756
8813,8778
8813,9015
9355,9356
9355,9335
9355,9354
9355,9345
12011,12393
12011,12324
12011,12208
12311,12302
12311,12309
12311,12306
12311,12310
12393,11808
12393,12324
12393,12011
12393,12394
12393,12395
536,366
536,66
536,5334
536,10674
536,543
536,10637
536,3741
6042,3919
6042,43
12304,12310
12304,12306
12304,12312
12304,12245
231,2389
231,82
231,4771
231,6204
231,2385
231,42
7202,7180
7202,7179
7202,7231
11535,11550
11535,11560
11535,11544
11535,27
11535,2176
11535,11543
11535,11538
11535,11539
806,366
806,4655
806,3690
806,3700
806,3689
806,3688
4016,4017
4016,144
6853,6838
6853,749
8407,6285
8407,6276
8407,6279
8407,11839
8407,11803
8407,5096
8729,8736
8729,8737
8729,8718
8729,8730
9775,9764
9775,9807
8683,335
8683,190
8683,8687
8683,8692
8683,8700
8683,8684
8683,3114
8752,10836
8752,10816
8752,8745
8752,8747
8752,8754
10682,10639
10682,10645
11175,11174
11175,10811
11175,11173
11175,11182
7088,202
7088,10703
7088,10807
7088,10808
7088,7097
7088,7167
8737,7128
8737,7131
8737,7086
8737,8718
8737,8729
10486,10623
10486,10489
10486,10620
10486,10495
10486,10485
10486,10479
6354,6353
6354,3905
7223,7224
7223,7199
7223,7185
7223,11566
677,30
677,1077
677,2357
2685,20
2685,7101
2685,7102
2685,7137
10768,10701
10768,10802
10794,7484
11848,11847
11848,12090
11848,11849
11848,12390
11848,12391
7070,7069
7070,606
7070,603
7070,1660
7070,11235
8266,8265
8266,8267
8611,8610
8611,8584
8611,146
9025,9024
9025,8989
9025,8775
11802,11996
11802,12012
11802,12207
11802,12208
11802,12209
11802,12320
11802,11987
11802,11827
11802,11926
11802,11997
11856,1051
11856,11837
11856,11930
11856,11931
3961,4878
3961,3960
10230,10228
10230,10229
10230,10232
11248,1565
11248,582
11248,11247
11888,11890
11888,11812
11888,7246
11888,11825
12269,12271
12269,12263
12269,12267
12269,12282
6671,6670
6671,6687
6671,6672
6671,6666
7053,127
7053,7041
7145,7091
7145,7144
10227,10226
10227,11255
10227,597
10227,11295
10788,10712
10788,4063
10788,485
10788,10689
12074,12252
12074,12254
12074,11870
6529,6535
6529,6566
6529,6593
6529,6594
6529,11247
6529,3906
6529,1562
6608,949
6608,1730
6608,617
6608,6612
6608,6611
6608,6607
6608,292
6608,6619
6608,6620
6655,6658
6655,6657
6655,6691
6655,6652
6655,6648
6663,6666
6663,6672
6663,73
6663,6690
7988,9287
7988,7937
7988,7989
7988,9146
952,7179
952,407
952,11561
952,7195
3846,369
3846,3960
3846,4878
3846,1386
210,11571
210,11603
210,949
210,406
210,291
210,3922
210,3923
4713,8583
4713,4730
4713,4666
4713,4711
6683,6460
6683,6681
7140,7116
7140,7086
7140,7131
453,2323
453,1066
453,143
453,674
453,981
453,135
453,418
6695,6000
6695,7073
6695,7235
12158,11803
12158,12159
12158,11861
3905,6354
6601,6600
6601,6527
6601,6603
12222,12220
12222,11865
12222,12223
12222,12219
9335,9362
9335,9347
9335,6351
9335,9354
9335,9355
9825,9834
9825,9862
9825,9929
9825,10052
9825,10151
9825,10152
9825,10153
9825,10026
9825,9844
9825,10033
9825,9925
9825,9861
10320,10279
10320,10468
10320,10271
11832,11479
11832,11946
11832,11818
11832,11804
11832,11445
41,138
41,4008
41,4009
41,4010
41,316
41,223
41,317
41,2107
41,11297
5675,5736
5675,5696
5675,38
5675,5737
5675,5686
5675,5672
8581,8582
8581,4669
8581,8580
9794,4652
9794,9811
9794,9790
10167,10171
10167,9521
10167,10177
10167,10173
10167,10166
10861,11825
10861,10902
11254,1562
11254,1567
11254,11249
11254,11270
11254,11253
11254,3906
674,143
674,1075
674,135
674,453
2321,2336
2321,143
7233,11566
7233,7185
7233,314
7233,7234
7233,11561
7233,11567
9840,9823
9840,9828
9840,10162
9840,9914
9840,9988
9840,10137
9890,9826
9890,9834
9890,9823
9890,9830
6541,6527
6541,6536
6541,6566
6541,6593
6541,9502
6541,6535
7401,8661
7401,9291
7401,7365
7401,7328
7401,7306
7401,8660
279,121
279,8273
279,8299
279,861
279,6810
174,647
174,2117
174,2128
174,224
174,11438
174,11444
174,11469
174,2114
174,2111
1420,561
1420,4269
9109,9277
9109,9275
9109,9306
9109,9307
9109,5861
9109,9127
9109,9274
9109,9114
9109,9108
10134,9833
10134,9830
10134,10135
10134,6000
10153,10152
10153,10154
10153,10151
10153,9825
11706,11805
11706,12153
11706,10839
11706,10852
11706,10831
4243,4242
4243,117
4243,116
7218,7184
7218,11561
7218,11564
7218,7196
9117,9122
9117,9295
9117,9296
9117,9297
9117,9184
9117,5440
9117,9290
9117,9291
10286,10334
10286,10267
10286,10332
10286,10335
10286,10455
10286,9
11344,11345
11344,10935
11344,11329
12248,12250
12248,12249
12248,12234
12248,12229
9807,9764
9807,9808
9807,9775
12319,12314
12319,12317
12319,11868
12319,12318
202,3638
202,7088
1069,30
1069,2336
2355,2357
2355,230
2355,1075
7754,6378
7754,7700
9834,9826
9834,10040
9834,9862
9834,9825
9834,9861
9834,9823
9834,9890
11908,11909
11908,11906
11908,11907
11908,12099
8989,9025
4017,4016
4017,81
4017,144
7182,7193
7182,7181
7182,11562
7182,7190
7182,11563
7182,7209
7182,11570
7182,9490
9024,8803
9024,9025
9024,8775
9612,9611
9612,9527
320,2349
320,1074
320,455
320,144
320,6206
558,6389
558,120
558,272
558,6378
10305,64
10305,3557
12282,12280
12282,12269
12282,12283
12282,12401
4771,4812
4771,4778
4771,82
4771,231
5258,5309
5258,4757
5258,5187
5258,5163
12257,12310
12257,12245
12257,12256
12306,12311
12306,12307
12306,12314
12306,12304
76,317
76,2146
76,4011
76,650
76,1034
76,2130
76,2129
76,647
76,223
76,4004
76,4005
3906,6529
3906,1562
3906,11254
3906,3907
7690,8164
7690,7687
7690,7692
7690,7725
7690,8167
7690,8176
8563,9508
8563,9506
8563,9505
8563,4731
8860,8762
8860,8862
8860,8859
8860,8810
10824,3909
10824,10815
11345,11344
11345,10864
11345,10815
11345,11325
11345,11329
11445,11458
11445,11479
11445,11832
11445,11804
11445,11441
11445,11439
12274,11884
12274,12263
12274,12275
12274,12276
749,2990
749,250
749,6838
749,6853
749,2991
749,6841
749,6848
749,4066
7067,7031
7067,7028
7067,7068
9532,9523
9532,9585
9532,9521
10505,10495
10505,10480
10505,10482
7203,7179
7203,7184
7203,7204
11915,11916
11915,11876
11915,11845
11915,11913
9124,7476
9124,9143
9124,9193
10351,10289
10351,10288
6203,42
6203,6204
6203,6207
6203,6201
7103,7147
7103,7148
7103,8303
8254,8255
8254,8252
10900,7244
10900,11812
10900,2499
11174,10811
11174,11175
7086,7116
7086,7151
7086,7140
7086,7117
7086,7096
7086,8719
7086,8740
7086,8718
7086,8726
7086,8737
11438,224
11438,2140
11438,11457
11438,11452
11438,11450
11438,11439
11438,11444
11438,174
11891,11894
11891,11893
11891,11890
11891,11887
6316,8437
6316,6317
8732,8723
8732,7090
8732,7127
8732,8731
9306,9307
9306,9109
10183,400
10183,10170
10183,10172
10183,396
11563,11561
11563,11567
11563,7221
11563,7190
11563,11562
11563,7182
127,594
127,1671
127,291
127,1684
127,3922
127,3923
127,1672
127,7041
127,7053
127,918
127,7033
127,7052
6216,6215
6216,6047
6216,6214
6216,456
8602,6837
8602,8588
8602,8596
8602,3932
10478,10477
10478,10475
10478,10476
10478,10454
10478,64
11845,11329
11845,11325
11845,12105
4137,4136
4137,198
4137,554
4137,120
11308,9518
11308,8713
11308,11299
291,210
291,3923
291,949
291,1684
291,937
291,292
291,127
892,32
2111,2114
2111,174
4377,4282
4377,4643
12162,11873
12162,12093
12387,12386
12387,12385
12387,12382
12387,11808
10663,4838
10663,10647
10663,4794
10663,4799
10990,10850
10990,10991
10990,10989
8724,8725
8724,7099
8724,7125
8724,7107
8724,8721
9597,9527
9597,9594
9790,4347
9790,4404
9790,9794
9790,9770
73,6663
73,6689
73,6690
73,416
73,6661
73,5316
73,5317
73,3994
73,3995
6712,11300
6712,11310
6712,11311
6712,7297
6712,6029
6712,5548
6712,5551
6712,5553
6712,5554
9742,9647
10647,4839
10647,10640
10647,10667
10647,10663
11182,11173
11182,11175
11182,11183
11182,10820
5288,4757
5288,5187
6353,18
6353,5029
6353,6354
6353,839
9169,9112
10483,10582
10483,10635
10483,8774
10483,8945
10483,10512
10483,10629
10483,10490
10483,10578
10674,5334
10674,10651
10674,10637
10674,536
66,3718
66,4656
66,4657
66,4658
66,4643
66,10639
66,5334
66,10646
66,366
66,536
4063,4062
4063,4066
4063,4067
4063,485
4063,10788
4063,10712
8580,8581
8580,4681
8580,8585
8722,8721
8722,7125
8722,7107
8722,8723
9469,8687
9469,9485
9469,7894
9469,9465
9469,9466
10808,7088
10808,10703
10808,10807
11224,11223
11224,10718
12153,12152
12153,10882
12153,11706
12153,11805
7116,7151
7116,7086
7116,7140
9143,5440
9143,9211
9143,9298
9143,9299
9143,9124
9143,7476
9143,7475
10848,1087
10848,686
10848,10875
11918,11919
11918,11824
11918,11917
12292,12408
12292,12410
12292,12293
12292,12263
12389,12388
12389,12391
12389,12385
12389,12386
2117,2130
2117,2128
2117,174
2117,647
4711,8582
4711,4713
4711,4666
4711,4669
7725,7690
7725,7687
10767,10701
10767,10686
12132,12134
12132,12128
12132,11846
7131,7132
7131,7140
7131,8737
7131,7128
9286,9285
9286,9287
9286,9146
9806,9805
9806,9765
10638,10637
10638,4789
10638,10671
10638,10644
10638,10673
10638,10669
10638,10668
10638,10643
10638,4776
10837,10811
12197,12219
12197,12223
12197,11842
12197,12199
3977,3976
3977,381
7147,7146
7147,7148
7147,7103
7147,7143
8659,6029
8659,8679
8659,8680
8659,8660
8659,7309
9687,10710
9687,9324
9687,9322
9687,10708
9886,9925
9886,10026
9886,9844
9886,9884
9886,9828
9886,10149
10226,10166
10226,10227
10226,10181
10226,597
11820,11981
11820,11998
11820,11968
11820,11803
11820,11861
11820,12166
11820,11969
11820,11835
12146,12145
12146,12163
396,1658
396,400
396,10183
396,10172
396,926
396,10166
396,1554
396,6534
396,6581
7113,7146
7113,7091
11837,11856
11837,141
11837,11514
11837,11977
7052,7033
7052,127
8582,8583
8582,4711
8582,8581
10479,10537
10479,10486
10479,10623
10479,10482
10479,10495
10479,10504
10479,10493
12373,12372
12373,12359
12373,12213
12373,12210
7755,7686
7755,7694
10967,10844
10967,10992
10967,10820
1562,6529
1562,11254
1562,3906
1671,165
1671,3922
1671,127
1671,594
8692,8683
8692,8700
8692,9474
8692,8684
9367,8995
9367,9420
9367,9377
9367,9379
9367,9416
9367,9370
10224,10168
10224,10174
7815,7817
7815,7816
10780,10702
10780,10712
10780,10689
10780,10701
9300,335
9300,9301
9300,9106
9305,9304
9305,9256
9305,6225
9305,9120
10676,10641
10676,10637
12091,12092
959,411
959,1754
959,1753
959,314
959,7185
8229,4876
8229,4778
9523,9528
9523,9532
9523,9524
9523,9521
10334,5333
10334,10267
10334,10286
10334,9
11183,11182
11183,11173
11183,10820
11906,11914
11906,11913
11906,11917
11906,12105
11906,11907
11906,11908
11981,11977
11981,11998
11981,11820
11981,11968
5395,5397
5395,5422
5395,6957
5395,5547
6065,1388
6065,4246
6065,68
6065,6064
9146,9118
9146,7988
9146,7989
9146,9284
9146,9285
9146,9286
9146,9287
9146,9113
9146,5405
9146,7386
9146,9294
9146,9295
9146,9296
9146,9297
10630,10532
10630,10480
10630,10631
10630,10481
9952,9897
9952,9837
9952,9867
9952,10159
12301,12300
12301,12118
12301,12117
12301,12285
7476,7475
7476,9143
7476,9124
7476,9193
7476,7477
7476,7478
10343,7878
10343,10287
11310,11301
11310,11311
11310,6712
11310,11300
11960,11959
11960,11835
11960,11957
11960,11947
1754,411
1754,1753
1754,959
4012,6219
4012,4013
4012,11557
4012,11558
5113,5117
5113,5119
5113,6321
5113,226
9120,6225
9120,9304
9120,9305
9120,9159
9120,9113
9120,7937
9120,9244
11238,603
11238,11245
11238,1676
11238,1673
11238,592
11238,11242
11238,11243
12217,12345
12217,12219
12217,12199
12217,12215
1687,72
1687,10170
1687,400
3699,3700
3699,3741
3699,3690
6648,6655
6648,6649
9114,9109
9114,9127
9114,7235
9114,7074
9114,9274
9114,9271
9114,9106
1684,291
1684,937
1684,1672
1684,127
2358,30
2358,6463
6285,6321
6285,6322
6285,11839
6285,8407
6285,6279
8275,8272
8275,8273
9303,9302
9303,7386
9303,9118
9303,9122
11205,11206
11205,11207
11205,11221
11205,9698
3689,806
3689,3688
7297,11299
7297,11311
7297,7307
7297,8713
7297,6029
7297,6712
8795,10484
8795,9368
8795,8759
8795,8785
8795,8764
11569,7219
11569,7195
11569,11561
11569,7194
2319,455
2319,144
7035,7041
7035,166
7035,7069
7035,11241
7035,11235
7035,11239
7133,7090
7133,7132
7133,7128
7133,7127
11564,7218
11564,11561
11564,11562
11564,7196
12223,12222
12223,11865
12223,12039
12223,12197
12383,12385
12383,12155
12383,12381
12383,12382
832,6064
832,1387
832,6437
2198,141
2198,5096
2198,11999
2198,11514
6677,6678
6677,6676
6677,6674
8220,8214
8220,8213
9309,9322
9309,9333
9309,10773
9309,146
9309,6716
9309,10803
9670,9647
9670,9649
9670,11211
10471,10469
10471,10472
10471,10467
10802,10801
10802,10769
10802,10768
10802,10686
10802,10796
11211,9647
11211,9670
11211,9649
11211,11210
12175,12173
12175,12180
12175,12179
12175,9814
1495,7818
1495,7811
1495,6068
1495,7812
6211,81
6211,6212
8306,7411
8306,9518
8306,8661
8306,8308
8306,8679
8736,7127
8736,7128
8736,8729
8736,8731
8941,9033
8941,9366
8941,8757
8941,8800
11454,11450
11454,11439
12391,12390
12391,11848
12391,12155
12391,12389
321,82
321,2395
321,2393
321,2388
321,322
321,6204
4658,3718
4658,66
4658,4657
8210,8223
8210,8211
9748,9749
9748,9647
10573,10485
10573,10577
10573,10507
12361,12363
12361,12367
12361,12356
12361,12370
7244,7246
7244,10904
7244,11812
7244,686
7244,2499
7244,10900
7244,1087
10577,10485
10577,10573
11949,11818
11949,11774
11949,11819
11949,11804
4067,4066
4067,2991
4067,6837
4067,4068
4067,485
4067,4063
6975,4282
6975,7011
11894,11893
11894,11902
11894,11895
11894,11891
12406,12408
12406,12263
12406,11884
198,119
198,554
198,4136
198,4137
228,2308
228,671
228,43
228,177
228,2309
228,672
228,2264
6047,32
6047,6215
6047,6216
6672,6671
6672,6687
6672,6661
6672,6663
11602,11572
11602,11588
11602,11603
11602,165
6512,6507
6512,11225
10232,10228
10232,10230
10232,72
10801,10802
11997,11802
11997,11860
11997,11807
42,135
42,230
42,1076
42,2385
42,231
42,6201
42,6203
42,6204
42,1884
42,4761
42,5871
7068,7067
7068,7028
7068,6600
7829,7810
7829,7809
12041,11814
7144,7091
7144,7146
7144,7143
7144,7145
7687,7692
7687,7686
7687,7748
7687,6433
7687,6377
7687,6380
7687,6383
7687,7690
7687,7725
12390,11849
12390,11848
12390,12391
12390,12388
68,4246
68,269
68,1389
68,6065
5696,6336
5696,38
5696,5675
10882,10839
10882,12153
12349,12353
12349,12347
12349,12345
12349,12358
10507,10485
10507,10573
10507,10628
10507,10484
10507,10632
10507,10633
12178,12179
12178,12180
12178,8554
12178,6356
2336,1069
2336,30
2336,143
2336,2321
6435,7753
6435,6378
6435,6379
6435,7686
7065,7030
7065,7039
7065,7066
7146,7113
7146,7150
7146,7147
7146,7144
7810,7826
7810,7817
7810,7814
7810,7823
7810,7829
7810,7809
8216,7694
8216,8177
8880,8759
8880,8763
1189,4060
1189,10712
1189,7482
5871,1884
5871,4753
5871,42
5871,4761
6854,6839
6854,6787
9342,9341
9342,9343
9342,9339
9342,82
10693,10688
11450,11438
11450,11439
11450,11454
3679,3678
3679,4776
3679,4769
3679,804
3687,3688
3687,3690
3687,361
7104,7084
7104,7170
7104,11312
7104,7087
7104,7092
8718,8729
8718,8737
8718,7086
8718,8726
8718,8728
165,290
165,605
165,11572
165,11602
165,11603
165,1671
165,3922
165,594
165,927
224,2141
224,2140
224,11438
224,174
224,2128
5096,141
5096,8407
5096,11803
5096,2198
5547,5395
5547,5548
5547,20
11594,11579
11594,11571
11594,11588
11946,11948
11946,11832
1085,1507
1085,3952
1085,43
1085,2307
1085,671
9772,6356
9772,9765
9772,9805
11916,11824
11916,11876
11916,11915
11916,11917
12105,11845
12105,11812
6204,231
6204,42
6204,321
6204,2388
6204,82
6204,6203
9361,9356
9361,9357
226,2223
226,4158
226,5113
226,6277
226,6278
226,6322
226,141
226,657
10311,10304
10311,10389
10311,10379
10311,10448
10311,10310
81,144
81,4017
81,6211
395,926
395,6558
395,10166
395,393
395,1656
395,912
395,6540
6661,6672
6661,6675
6661,6674
6661,416
6661,73
12271,12273
12271,12263
12271,12269
12271,12280
6848,749
6848,6841
6848,6837
6848,2991
8687,190
8687,7894
8687,7968
8687,9469
8687,8700
8687,8683
8687,9474
10628,10629
10628,10484
10628,10507
11210,9647
11210,11211
11210,9649
11210,9651
11210,11215
12199,12217
12199,12197
12199,11842
12199,12201
166,937
166,1672
166,292
166,403
166,606
166,7069
166,7035
166,7041
3818,118
3818,117
12267,12269
12267,12263
12267,11811
12267,12283
80,6210
80,2318
80,229
80,1071
1389,68
1389,269
1555,3907
1555,581
8725,8727
8725,7095
8725,7099
8725,8724
12039,12223
12039,11865
12039,11814
12039,11842
12385,12389
12385,12155
12385,12383
12385,12387
6463,2360
6463,2358
6463,56
6463,30
6463,6464
8693,7975
8693,8684
8693,9474
8693,9466
8693,251
8693,9125
10170,1687
10170,10172
10170,10183
10170,400
11215,11210
11215,9651
11215,11209
10003,10235
10003,10146
10003,9833
10003,10236
2107,41
2107,316
2107,404
2391,2390
2391,1080
8179,8226
8179,8227
10514,8945
10514,9369
10514,9373
10514,10512
10766,10701
10766,10686
7138,7095
7138,7090
12423,12425
12423,12160
12423,12125
12423,12422
7134,20
7134,7101
8862,8762
8862,8772
8862,8860
11842,12197
11842,12199
11842,12201
11842,11814
11842,12039
11842,12035
11842,11926
11842,12323
1632,6453
1632,3989
1709,6611
1709,6607
1709,72
1709,945
6600,7068
6600,6527
6600,7028
6600,6601
9492,9499
9492,7186
10635,10634
10635,8774
10635,10483
10635,10582
10836,10825
10836,10874
10836,10816
10836,8752
10836,8755
10836,8747
12382,12387
12382,12383
12382,12380
12382,12335
411,5672
411,962
411,1755
411,959
411,1754
411,7185
411,7199
4836,30
4836,4837
9118,9284
9118,7386
9118,9146
9118,9302
9118,9303
10271,10320
10271,10280
10271,10295
10271,10263
10271,10270
10271,10264
5458,7093
5458,7087
5458,5551
5458,6958
5458,5397
8810,8762
8810,8860
8810,8859
8810,38
8810,6336
9611,6375
9611,9612
10542,10480
10542,10633
10542,8764
10542,8756
12213,12373
12213,12215
12213,12203
12213,12211
6197,18
6197,6199
6197,5029
6691,976
6691,132
6691,6692
6691,6657
6691,6666
6691,6655
366,4655
366,4656
366,66
366,3741
366,536
366,806
366,3700
597,1656
597,10181
597,10226
597,10227
597,11252
597,11295
597,393
7386,9118
7386,9146
7386,9294
7386,9303
10641,10651
10641,10646
10641,10679
10641,10676
10641,10637
11534,11557
11534,11558
11534,11559
11534,11560
11534,11545
11534,11538
11534,11550
12174,4349
12174,4296
12174,8554
12174,12180
12174,12173
12421,12428
12421,12419
12421,12425
12421,12420
3960,3879
3960,3961
3960,4878
3960,369
3960,3846
9125,9258
9125,9260
9125,7975
9125,8693
9125,251
9125,3065
9125,9256
9125,9304
9874,9875
9874,9839
9874,10269
3674,361
3674,1353
9826,9889
9826,10054
9826,10235
9826,10255
9826,9934
9826,9887
9826,10040
9826,9834
9826,9890
9826,9830
9826,10146
9826,10147
10449,10448
10449,10310
10449,10366
10449,10365
11545,11534
11545,11538
6356,8554
6356,12178
6356,3891
6356,9772
9015,10500
9015,8813
9015,10481
9015,8778
673,2318
673,229
673,178
673,2315
6380,7687
6380,6383
6380,6405
7181,7189
7181,7196
7181,11562
7181,7182
7181,7193
8165,8213
8165,8178
8165,8218
8165,8214
8165,8217
8165,8168
8165,8164
8165,8170
8165,8169
8165,8208
8165,8211
9127,5861
9127,6001
9127,7242
9127,9114
9127,7235
9127,9109
10710,10689
10710,244
10710,9687
10710,9324
10710,9735
10710,10708
12234,12244
12234,12245
12234,12247
12234,12248
12234,12249
12234,12312
12234,12235
12234,12220
12289,12291
12289,12298
12289,12287
12289,12263
64,9
64,10477
64,10478
64,3557
64,10305
64,351
64,3553
64,3554
11441,11439
11441,11445
11441,11804
11441,11809
11441,11465
11441,11453
3995,3994
3995,73
3995,5312
10267,6437
10267,10333
10267,10286
10267,10332
10267,10334
10267,5333
10844,10989
10844,10991
10844,10992
10844,10967
6612,617
6612,408
6612,6607
6612,6608
7819,7811
7819,7809
7819,6067
7819,7812
8262,8267
8262,8264
8262,8261
8262,8259
229,80
229,1071
229,1065
229,2339
229,2318
229,673
229,178
1730,100
1730,617
1730,6608
1730,949
6253,8350
6253,8435
8178,8218
8178,8165
8178,8214
9416,9367
9416,9379
10333,6437
10333,10267
10675,10637
10675,10644
10289,10269
10289,10351
10289,10288
10807,7167
10807,7088
10807,10808
10807,7085
12362,12327
12362,12364
12362,12363
12362,12368
50,2419
50,459
50,6350
50,3920
50,3921
50,283
50,2417
50,1080
50,322
11884,12406
11884,12274
11884,12144
11884,12112
4242,117
4242,4243
4242,116
7073,6695
7073,6000
7073,7082
7073,7074
7137,8733
7137,2685
7137,7102
7137,8734
7224,407
7224,7199
7224,7223
7224,11566
7224,11561
11947,11960
11947,11948
11947,11957
8566,9505
8566,8560
8566,9509
8566,9513
10055,9889
10055,10248
10103,9837
10103,9953
2419,2421
2419,6350
2419,50
2419,459
6049,2310
6049,672
6049,177
6049,2264
6049,176
6049,6051
7093,11312
7093,11300
7093,5458
7093,5551
7093,7087
7209,7182
7209,11570
7209,7186
7209,9490
10168,9524
10168,9521
10168,10224
10168,10174
10492,10528
10492,10493
10492,10491
11570,7182
11570,7190
11570,11573
11570,11577
11570,11575
11570,11572
11570,7209
11570,7186
11570,290
5322,5283
5322,5323
5322,5309
7776,4269
7776,7778
7776,7775
7776,7779
7776,7781
10482,10479
10482,10505
10482,10495
10482,10480
10482,10493
12161,12160
12161,12128
12161,12125
2499,7244
2499,10900
2499,686
3953,282
3953,3975
3953,43
3953,3952
9291,9290
9291,9117
9291,5560
9291,7409
9291,7401
10026,9825
10026,9844
10026,9886
10026,9925
7246,11888
7246,11812
7246,7244
7246,10904
9929,10052
9929,9825
9929,9862
10875,10848
10875,10816
11261,11251
11261,11258
11261,204
11873,12163
11873,12162
11873,12092
12051,12235
12051,11868
12051,11866
12051,11865
12051,11814
707,6068
707,1116
7102,7137
7102,2685
7102,8734
7102,7101
7102,7095
10639,4643
10639,10642
10639,10645
10639,10682
10639,10646
10639,66
5405,9184
5405,9297
5405,9146
5405,9113
5405,9298
5405,5440
8742,8719
8742,8720
10631,10630
10631,10480
10631,8756
10631,10481
10805,10803
10805,6716
10805,10806
12263,12406
12263,12285
12263,12287
12263,12289
12263,12291
12263,12292
12263,12293
12263,11811
12263,12267
12263,12269
12263,12271
12263,12273
12263,12274
12263,12275
9348,578
9348,9336
9844,9825
9844,9845
9844,10033
9844,9884
9844,10026
9844,9886
1756,5672
1756,963
1756,962
6443,6437
6443,6445
7413,7412
7413,7318
7413,7306
7413,7345
9875,10265
9875,10337
9875,10340
9875,10138
9875,9874
9875,9839
9875,10269
10365,10308
10365,10366
10365,10449
10365,10364
10365,10475
9370,8997
9370,9367
9370,8995
9370,9374
9370,9424
9370,9425
12145,12144
12145,12146
12220,12229
12220,12234
12220,12235
12220,12222
12220,12343
12220,12347
12347,12351
12347,12220
12347,12343
12347,12349
8757,9415
8757,9375
8757,8771
8757,8979
8757,9414
8757,8941
8757,9032
8757,9033
12181,8299
12181,12170
1763,5686
1763,38
6464,6463
6464,6460
9258,9106
9258,9125
981,453
981,135
981,4753
981,418
11579,11574
11579,11229
11579,1728
11579,11571
11579,11594
11901,11902
11901,11895
12245,12257
12245,12304
12245,12234
12245,12244
12425,12419
12425,12421
12425,11846
12425,12422
12425,12423
12425,12424
7084,7104
7084,7170
7084,7092
7084,7118
6449,6506
6449,11225
6449,11228
6449,594
6449,918
6449,287
6449,7030
7148,7150
7148,7103
7148,7147
7151,7086
7151,7116
110,6214
110,11298
110,1512
110,379
110,1506
110,282
110,2478
10831,11706
10831,10852
10831,11021
10831,10850
9302,9118
9302,9303
9414,8771
9414,8757
11878,11824
11878,11811
10151,10153
10151,10154
10151,10155
10151,9845
10151,9825
10151,10033
11959,11969
11959,11960
11959,11835
12411,12410
12411,12420
12411,12296
12411,12293
11298,6214
11298,110
11825,11886
11825,11887
11825,11890
11825,11888
11825,10904
11825,10861
560,6377
560,6383
560,4269
560,1417
560,561
2357,30
2357,677
2357,1077
2357,2355
2357,143
2357,1075
2455,56
2455,45
10484,10507
10484,10628
10484,10629
10484,10512
10484,9368
10484,8795
10484,8764
10484,10633
12144,11884
12144,12112
12144,12145
8772,8756
8772,8763
8772,8863
8772,8762
8772,8862
11250,11296
11250,11297
11250,11263
11250,289
11250,941
11250,11258
11250,11251
11250,11249
12374,12376
12374,12375
12374,12228
12374,12350
2149,2141
2149,650
3675,1353
3675,56
7692,8170
7692,7686
7692,7687
7692,7690
7692,8164
9424,9370
9424,8997
9424,9425
9424,8965
10172,10183
10172,10170
10172,10166
10172,396
10717,10685
10717,10796
10717,10686
6278,226
6278,6322
6278,6279
6278,6277
12287,12289
12287,12300
12287,12285
12287,12263
2087,294
2087,622
2087,11592
2314,178
2314,6223
4761,5871
4761,42
4761,6201
4761,4759
6223,178
6223,2314
6223,6217
12332,11808
12332,12334
12332,12331
12332,12324
3988,7186
3988,290
3988,3989
3988,6453
9651,11209
9651,11210
9651,11215
9651,9649
11297,11296
11297,41
11297,941
11297,11250
408,617
408,10229
408,6607
408,6612
485,4063
485,10788
485,4067
485,4068
485,244
485,10689
7167,7097
7167,7088
7167,10807
7167,7085
10500,10481
10500,9015
11567,11561
11567,7233
11567,7221
11567,11563
416,6661
416,6675
416,5191
416,5167
416,73
6533,7030
6533,7038
6533,7033
6533,7039
18,119
18,554
18,267
18,555
18,839
18,5029
18,6197
18,6199
18,6353
18,120
18,7775
138,41
138,4008
138,11296
9108,9109
9108,9118
9108,9288
9108,9289
10254,10248
10254,10255
10254,10235
12424,12420
12424,12425
12424,12422
12424,12296
1076,2385
1076,42
1076,230
6064,268
6064,5028
6064,6065
6064,832
6064,5037
6064,6437
5454,7087
5454,5397
5454,5422
7816,7815
7095,8727
7095,7102
7095,8734
7095,7090
7095,7138
7095,7099
7095,8725
8267,8266
8267,8263
8267,8262
8267,8268
9925,9861
9925,9825
9925,10026
9925,9886
9925,10148
9925,10149
10645,10639
10645,10682
10645,10681
10645,10646
12118,12422
12118,12125
12118,12117
12118,12300
12118,12301
2390,322
2390,1080
2390,2391
4558,4596
4558,4347
4558,4282
7028,7031
7028,7058
7028,11233
7028,6527
7028,6600
7028,7067
7028,7068
7080,7074
7080,9106
9347,9349
9347,6350
9347,6351
9347,9335
11258,11251
11258,11250
11258,11263
11258,11261
12179,12175
12179,12180
12179,12178
12291,12293
12291,12296
12291,12289
12291,12263
2129,76
2129,2135
2129,2128
2129,2130
5326,5169
5326,5306
5326,5315
6207,6203
6207,6375
10504,10479
10504,10493
11847,12090
11847,11848
12211,12210
12211,12213
12211,12205
12211,12209
9277,9275
9277,9109
9277,9307
10280,10468
10280,10431
10280,10273
10280,10271
10764,10701
10764,10686
178,2315
178,673
178,229
178,1065
178,2314
178,6223
215,977
215,1891
215,6460
215,132
215,38
1891,6460
1891,215
1891,977
7186,7209
7186,9492
7186,9490
7186,9499
7186,11570
7186,6453
7186,3988
7186,290
7186,6514
12377,11870
12377,12375
12377,12376
12405,12404
12405,12400
12405,12403
6580,6540
6580,912
6580,6530
6580,9502
6716,9309
6716,146
6716,10803
6716,10805
6716,10806
8661,8306
8661,9290
8661,7401
8661,8679
8661,8680
1349,802
1349,153
10366,10449
10366,10310
10366,10308
10366,10365
4069,4068
4069,8608
4069,8609
4069,146
4069,244
6000,10134
6000,10135
6000,10136
6000,10137
6000,190
6000,1228
6000,6695
6000,7073
6000,7077
6000,7082
7139,7132
7139,7090
7791,7790
7791,7808
10255,10254
10255,9889
10255,10248
10255,9826
10255,10235
11325,11329
11325,11845
11325,11345
11325,10815
11325,11812
11575,11570
11575,11572
11575,605
11575,290
5187,5309
5187,5288
5187,5163
5187,5258
10303,10446
10303,10304
10303,10390
10303,10341
12317,12315
12317,11811
12317,11868
12317,12319
5037,5028
5037,6064
5037,6437
9106,9271
9106,9114
9106,7074
9106,7080
9106,9300
9106,9301
9106,9258
9106,9260
9106,9112
10727,10687
10727,10699
11805,11827
11805,11840
11805,12152
11805,12153
11805,11706
11805,11852
12315,12307
12315,11811
12315,12317
12315,12314
12429,12419
12429,12428
9354,9355
9354,9335
9354,2421
9354,9346
9698,11205
9698,11221
4799,4794
4799,10663
6822,8248
6822,8250
6822,10825
6822,8246
8246,6822
8246,10825
10147,10146
10147,9826
10147,9830
10147,9833
10773,9322
10773,9309
11876,11824
11876,12116
11876,10935
11876,11916
11876,11915
10729,10685
10729,10703
230,1075
230,2355
230,1076
230,42
230,135
1075,143
1075,2355
1075,2357
1075,230
1075,135
1075,674
7132,7139
7132,7131
7132,7133
8747,8755
8747,8752
8747,10836
8747,8754
8747,8751
9524,9523
9524,9521
9524,10168
1554,6581
1554,396
1554,6558
1554,6536
3684,4776
3684,10668
3684,10643
3684,4769
6534,592
6534,1658
6534,396
6534,6536
6534,6581
6534,6527
9284,9285
9284,9118
9284,9146
9770,4347
9770,9790
9770,9774
9770,9787
9770,4282
9770,4378
10108,3532
10108,9837
11917,11918
11917,11916
11917,11913
11917,11906
11985,11986
11985,11827
11985,11984
12401,12400
12401,12282
12401,12302
12401,12403
4010,4009
4010,4011
4010,41
6336,8762
6336,8810
6336,38
6336,5696
6377,6379
6377,6433
6377,272
6377,565
6377,560
6377,4269
6377,6383
6377,7687
7069,166
7069,606
7069,7070
7069,7035
7069,11235
10669,10638
10669,10643
10669,10649
10820,10967
10820,11182
10820,11183
11444,174
11444,11438
11444,11469
12283,12282
12283,12267
12283,11811
12283,12302
839,18
839,6353
839,7799
7190,7221
7190,11563
7190,7234
7190,294
7190,11570
7190,11573
7190,7182
11223,11224
11223,10718
11223,10685
11223,10687
10467,10471
10467,10468
10467,10279
11818,11948
11818,11957
11818,12166
11818,11774
11818,11949
11818,11804
11818,11832
11943,11826
11943,11813
8272,8304
8272,8275
9341,9334
9341,9359
9341,9342
9341,82
9345,9357
9345,9355
9345,9346
9345,9343
11263,11250
11263,289
11263,1643
11263,11258
10815,10864
10815,11325
10815,11345
10815,10824
10815,11812
11020,10850
11020,11019
11020,10991
3877,268
3877,5028
6433,7748
6433,6379
6433,6377
6433,7687
7809,7811
7809,7829
7809,7810
7809,7823
7809,862
7809,7820
7809,7819
7809,6067
9374,9369
9374,9425
9374,9370
9374,9396
9374,9373
5334,66
5334,10646
5334,10651
5334,10674
5334,536
6321,5113
6321,11839
6321,6285
6321,6322
6680,6646
6680,6681
6680,6678
6680,6687
12322,12205
12322,12323
12322,11926
12322,12320
7170,7084
7170,11312
7170,7104
7878,10287
7878,10343
7878,7877
9122,9303
9122,9294
9122,9117
10992,10991
10992,10967
10992,10844
190,7077
190,7083
190,6000
190,3124
190,1228
190,7968
190,8687
190,335
190,8683
8863,8772
8863,8763
8258,8260
8258,8257
8726,8718
8726,8740
8726,7086
8726,8738
11826,11804
11826,11813
11826,11943
11826,11938
11826,11934
12403,12405
12403,12401
12403,12302
30,2358
30,2446
30,45
30,6463
30,804
30,4769
30,4818
30,143
30,677
30,2357
30,4836
30,4837
30,4838
30,2336
30,1069
7365,7401
7365,7409
7365,7475
7365,7328
12159,11803
12159,12158
4062,4060
4062,4066
4062,4063
4062,10712
8166,8175
8166,8185
8166,8164
8166,8226
8166,8227
10769,10702
10769,10802
11907,11908
11907,11906
11907,11905
11907,12100
807,543
807,4776
807,45
1567,582
1567,11276
1567,11254
5320,5318
5320,5321
5320,5308
5323,5322
5323,5309
6646,132
6646,6460
6646,6681
6646,6680
6646,6687
6646,6669
6646,6692
6692,132
6692,6646
6692,6669
6692,6691
11019,10850
11019,11020
11469,174
11469,11444
12090,11847
12090,11848
578,9348
578,887
578,6345
578,6036
4812,4778
4812,4771
5031,4134
5031,4878
5031,6200
5734,5672
5734,646
9896,9832
9896,9867
9896,9947
9896,9831
9896,10082
10687,10690
10687,10718
10687,11223
10687,10699
10687,10685
10687,10727
3284,6839
3284,7877
3284,6838
3284,250
3923,3922
3923,210
3923,291
3923,127
6527,7028
6527,11233
6527,6536
6527,592
6527,6534
6527,6535
6527,6541
6527,6600
6527,6601
6527,6603
6527,6604
7125,8724
7125,7107
7125,8722
7125,8721
6029,6712
6029,7297
6029,7307
6029,8679
6029,8659
6029,20
7039,7030
7039,6533
7039,7065
10152,10153
10152,9825
10470,10469
10470,9897
10470,10273
10470,10433
10470,10472
11296,138
11296,11297
11296,11250
3915,153
3915,3914
4837,30
4837,4838
4837,4794
4837,4836
6046,379
6046,6214
6594,6593
6594,6530
6594,1565
6594,11247
6594,6529
10363,10364
10363,10308
10363,10268
10363,10476
2415,2417
2415,283
2415,32
2415,1549
9346,9345
9346,9354
9346,459
9346,9338
322,321
322,2393
322,1079
322,459
322,50
322,1080
322,2390
322,2386
322,2388
4349,4296
4349,12174
7814,7824
7814,7810
1484,239
1484,121
1660,7070
1660,603
1660,11242
1660,11235
6215,32
6215,6047
6215,6216
9923,9884
9923,9828
9934,9887
9934,9826
3989,3988
3989,290
3989,927
3989,1632
3989,6453
8833,8775
8833,8832
9944,9892
9944,9832
9944,10082
9944,9831
9944,9829
11813,11804
11813,11819
11813,11807
11813,11964
11813,11826
11813,11943
8560,9505
8560,10257
8560,8564
8560,5861
8560,6001
8560,8566
8560,8565
8560,9509
9296,9295
9296,9146
9296,9297
9296,9117
11903,12100
11903,12099
11903,11902
11903,11893
12180,12174
12180,8554
12180,12178
12180,12179
12180,12175
6838,3284
6838,6853
6838,250
6838,749
7694,8177
7694,8216
7694,7755
7694,7686
7694,8168
8252,8254
8252,8257
8252,8256
8252,8251
8252,8250
8252,8249
9506,10256
9506,9505
9506,9508
9506,8563
10054,9826
10054,9889
10340,10337
10340,9875
10340,10269
11295,597
11295,10227
11295,11255
11295,11252
8248,8249
8248,6822
10642,4643
10642,10650
10642,10639
12368,12327
12368,12362
12368,12363
12368,12370
12368,12210
144,320
144,1074
144,2348
144,4016
144,4017
144,81
144,455
144,2319
4794,4837
4794,4838
4794,10663
4794,4799
5560,9291
5560,5440
5560,7475
5560,7409
7096,7117
7096,7114
7096,7091
7096,8743
7096,7086
7096,8719
143,2321
143,2336
143,30
143,2357
143,1075
143,674
143,453
143,1066
268,3877
268,1388
268,6064
268,5028
6206,320
6206,455
6206,2349
6206,6376
10991,10990
10991,11020
10991,10992
10991,10844
12381,12383
12381,12380
6219,6217
6219,6222
6219,27
6219,4012
6219,4013
1026,223
1026,4004
6036,6040
6036,9336
6036,578
6036,6345
6036,3920
11539,11538
11539,11535
11539,11548
118,4268
118,3818
8743,7096
8743,7091
8743,8720
8743,8719
10673,10644
10673,10638
963,5737
963,5686
963,1756
6787,6839
6787,6854
6787,491
6787,250
9520,9288
9520,9289
9520,7410
9520,9518
1507,282
1507,3952
1507,1085
7143,7144
7143,7147
2417,50
2417,283
2417,2415
4656,4657
4656,366
4656,66
4656,4655
7345,7315
7345,7412
7345,7413
146,244
146,4069
146,8609
146,8610
146,8611
146,6716
146,9309
146,9333
10476,10475
10476,10364
10476,10363
10476,10268
10476,10454
10476,10478
11011,10816
11011,10874
11251,11249
11251,11250
11251,11261
11251,11258
11251,11256
11251,204
10689,10712
10689,10780
10689,10788
10689,485
10689,244
10689,10710
10689,10701
4669,8581
4669,4711
4669,4666
4669,4681
5736,5675
5736,5672
8437,6316
8437,8435
8437,6289
9378,9419
9378,8803
9378,8775
9378,9377
1673,11245
1673,72
1673,592
1673,11238
11245,1676
11245,72
11245,1673
11245,11238
12276,12112
12276,12274
12276,12275
12276,12278
12276,12094
4004,223
4004,76
4004,4005
4004,1026
10268,10363
10268,10308
10268,10476
10268,10337
10268,10362
8759,8764
8759,8795
8759,8785
8759,8880
8759,8756
8759,8763
2128,2129
2128,2135
2128,224
2128,174
2128,2117
7122,7097
10269,9875
10269,9874
10269,10340
10269,10289
10269,10350
11839,6289
11839,5119
11839,8350
11839,8435
11839,11803
11839,11808
11839,6285
11839,8407
11839,6321
12353,12367
12353,12351
12353,12349
12353,12356
4878,3846
4878,3960
4878,3961
4878,5028
4878,267
4878,1386
4878,4134
4878,5031
5028,4878
5028,268
5028,3877
5028,5037
5028,6064
6199,18
6199,267
6199,6200
6199,6195
6199,6197
11969,11968
11969,11820
11969,11835
11969,11959
456,6216
456,6212
657,27
657,2223
657,226
657,2183
657,1051
657,141
657,2176
657,11544
6225,3065
6225,9256
6225,9305
6225,251
6225,9120
6225,9159
6530,6580
6530,9502
6530,912
6530,393
6530,11252
6530,582
6530,11257
6530,6594
9647,9748
9647,9749
9647,11221
9647,9670
9647,11210
9647,11211
9647,9742
11559,11558
11559,4013
11559,27
11559,11560
11559,11534
11572,11570
11572,11593
11572,11588
11572,11602
11572,11575
11572,605
11572,165
804,45
804,3678
804,3679
804,4769
804,30
4776,807
4776,4789
4776,543
4776,10638
4776,3684
4776,10668
4776,45
4776,3678
4776,4769
4776,3679
6389,558
6389,6378
7338,7309
9527,9612
9527,9597
9527,9594
12134,12137
12134,12132
56,3675
56,1353
56,361
56,2455
56,45
56,2360
56,6463
2386,2388
2386,322
4839,4818
4839,10640
4839,10647
4839,4838
7422,7318
7422,7477
7422,7436
1485,6067
1485,239
3891,4296
3891,196
3891,3809
3891,6356
3891,8554
6317,5121
6317,6316
6317,6289
6317,5119
8269,8268
8269,8259
8269,8260
8269,8255
5551,7093
5551,6712
5551,11300
5551,5553
5551,5458
5551,6958
6378,7689
6378,7700
6378,7754
6378,6389
6378,558
6378,272
6378,6379
6378,6435
6378,7753
976,132
976,6691
3908,8302
3908,3909
10146,10235
10146,9826
10146,10147
10146,10003
10146,9833
4876,8229
4876,8228
4876,460
8588,6841
8588,8585
8588,8596
8588,8602
9297,9296
9297,9146
9297,5405
9297,9184
9297,9117
9339,9342
9339,9338
9339,9343
9339,459
9339,1079
9339,82
9839,9875
9839,10138
9839,10139
9839,9852
9839,10160
9839,9874
10989,10990
10989,10844
12410,12409
12410,12426
12410,12411
12410,12292
565,272
565,120
565,4269
565,6377
6659,6658
6659,6666
6659,6690
6659,6652
100,406
100,11229
100,1730
100,617
100,949
7118,7084
7118,7092
7118,7154
8720,8719
8720,8743
8720,7091
8720,8742
10128,9852
10128,10068
10128,10129
12166,11835
12166,11820
12166,11861
12166,12168
12166,11818
12244,12256
12244,12245
12244,12234
12244,12247
12312,12304
12312,12314
12312,12318
12312,12234
650,1034
650,2148
650,2149
650,2135
650,2141
650,76
6327,177
6327,5152
6327,176
7227,7180
7227,5672
7227,1020
7227,7200
9845,10033
9845,10151
9845,10155
9845,9884
9845,9844
10475,10365
10475,10476
10475,10478
116,3810
116,4242
116,4243
116,196
9349,6350
9349,9347
9366,9032
9366,9033
9366,8800
9366,8941
9366,9364
10491,10492
10491,10481
10803,9309
10803,6716
10803,10805
7807,7775
7807,7808
7807,7778
10448,10447
10448,10311
10448,10310
10448,10449
5173,5167
5173,4145
5173,418
5173,5308
5173,5318
5173,5169
8995,9367
8995,9370
9787,9770
9787,9774
10806,10805
10806,6716
6604,6603
6604,6527
6604,6535
8250,8249
8250,8252
8250,10873
8250,6822
316,2107
316,41
316,223
316,2108
316,404
6383,7687
6383,6377
6383,560
6383,6380
6383,6405
8733,20
8733,7137
400,72
400,1687
400,10170
400,396
400,10183
400,592
400,1658
11811,12263
11811,12267
11811,12283
11811,12285
11811,11878
11811,12117
11811,11875
11811,11824
11811,11921
11811,11868
11811,12307
11811,12309
11811,12315
11811,12317
4345,4384
4345,4378
4345,10650
4345,10684
4345,4643
6506,11225
6506,6449
12302,12401
12302,12403
12302,12283
12302,12309
12302,12310
12302,12311
7189,7204
7189,7184
7189,7181
7436,7422
7436,7477
7436,7478
9887,9934
9887,10040
9887,9862
9887,9826
10181,10166
10181,10226
10181,597
10181,1656
11452,11457
11452,11439
11452,11438
119,1394
119,369
119,18
119,555
119,198
119,554
269,68
269,1389
5553,5551
5553,6712
5553,5554
5553,6957
12219,12343
12219,12222
12219,12197
12219,12217
9301,9300
9301,335
9301,3114
9301,7975
9301,9106
9301,9260
9852,9839
9852,10139
9852,9829
9852,10068
9852,10128
9852,10160
10159,9952
10159,9867
10159,10263
12229,12228
12229,12248
12229,12220
12229,12351
3921,3920
3921,1517
3921,6345
3921,6347
3921,1516
3921,381
3921,50
3921,283
7808,7807
7808,7791
7808,7790
10667,10640
10667,10647
379,6046
379,6214
379,1512
379,3974
379,110
6593,6541
6593,9502
6593,6594
6593,6566
6593,6529
10155,10154
10155,9845
10155,10151
11457,11452
11457,11438
3065,9125
3065,251
3065,6225
3065,9256
6279,6278
6279,6285
6279,8407
6279,6276
7150,7148
7150,7146
7689,7700
7689,7753
7689,6378
7689,7686
8756,10481
8756,10480
8756,10631
8756,8764
8756,8759
8756,10542
8756,8772
8756,8763
8756,8813
8756,8778
8756,8762
9338,9343
9338,9346
9338,459
9338,9339
9884,9886
9884,9844
9884,9845
9884,9923
9884,9828
10160,9839
10160,9852
11228,6449
11228,11225
11592,294
11592,2087
11592,11577
962,5672
962,1756
962,1755
962,411
1656,395
1656,10181
1656,597
1656,393
5169,5173
5169,5326
11479,11832
11479,11445
8859,8860
8859,38
8859,8810
10796,10802
10796,10686
10796,10717
2135,650
2135,2141
2135,2128
2135,2129
7105,7164
7105,7085
7105,7163
7475,7365
7475,7409
7475,5560
7475,5440
7475,9143
7475,7476
7475,7318
7475,7328
7475,7477
8226,8166
8226,8185
8226,8227
8226,8179
11209,11215
11209,9651
11299,8713
11299,11308
11299,7297
11299,11311
11968,11977
11968,11981
11968,11969
11968,11820
8255,8269
8255,8256
8255,8254
9609,9526
9609,9610
9609,9535
9735,10710
9735,244
9735,9333
9735,9324
9833,10003
9833,10236
9833,10146
9833,10147
9833,9830
9833,10134
12247,12254
12247,12244
12247,12234
12247,12249
2388,321
2388,322
2388,2386
2388,6204
7180,7228
7180,7201
7180,5672
7180,7179
7180,7200
7180,7227
7180,7202
7493,7484
7493,7482
7493,10702
7493,10716
9490,7193
9490,7182
9490,7209
9490,7186
9490,9498
9490,9499
10489,10620
10489,10592
10489,10509
10489,10490
10489,10582
10489,10486
10489,10485
10490,10489
10490,10483
10490,10582
10490,10578
10490,10509
11996,11802
12170,12181
12170,6808
12170,8265
12273,12275
12273,12263
12273,12271
12273,12278
11257,6530
11257,11252
11257,11249
11257,11276
11257,582
6375,6207
6375,6376
6375,9611
10033,9825
10033,10151
10033,9845
10033,9844
10839,10882
10839,11042
10839,10852
10839,11706
12254,12074
12254,12256
12254,12247
12254,12252
603,606
603,72
603,1676
603,11238
603,1660
603,7070
5548,5554
5548,6957
5548,6712
5548,20
5548,5547
7894,7968
7894,3124
7894,1228
7894,9485
7894,8687
7894,9469
12334,11808
12334,12335
12334,12331
12334,12332
491,6787
491,250
491,2990
491,4066
491,4060
4666,4713
4666,4711
4666,4730
4666,4731
4666,4669
6350,6351
6350,9347
6350,9349
6350,9337
6350,50
6350,3920
6350,2419
7790,7791
7790,7808
8303,7103
8303,7111
8303,8304
10640,10643
10640,4769
10640,10649
10640,10667
10640,4818
10640,4839
10640,10647
605,11575
605,11572
605,165
605,290
2389,231
7165,7106
7165,7085
10288,10351
10288,10289
10288,10350
10288,10287
11846,12132
11846,12128
11846,12160
11846,12419
11846,12425
11909,11906
11909,11908
11932,11809
11932,11854
6690,6652
6690,6659
6690,6663
6690,73
6690,6689
8208,8209
8208,8211
8208,8165
8208,8169
8208,8202
9830,9833
9830,10147
9830,9826
9830,9890
9830,9823
9830,10134
9830,10135
10225,10174
10225,10171
10691,10686
10691,10763
10691,10688
11287,11252
11287,11255
11287,11249
12094,12276
12094,12398
12094,12093
460,4778
460,4876
460,9334
460,82
617,100
617,408
617,6612
617,1730
617,6608
1116,707
1116,6067
1116,239
7030,6449
7030,287
7030,7038
7030,6533
7030,7039
7030,7065
8256,8255
8256,8260
8256,8257
8256,8252
6540,6536
6540,395
6540,6558
6540,6580
6540,912
6540,9502
11550,11534
11550,11560
11550,11535
11550,11538
1051,657
1051,141
1051,2183
1051,11856
9000,8774
9000,10634
9499,9498
9499,9490
9499,7186
9499,9492
10287,10288
10287,7878
10287,10343
10473,10279
10473,10474
10816,10836
10816,10874
10816,11011
10816,10875
10816,10849
10816,8752
10816,8745
10825,8246
10825,6822
10825,10873
10825,10836
10825,8755
10825,8744
2114,647
2114,174
2114,2111
9294,7386
9294,9146
9294,9295
9294,9122
10310,10448
10310,10379
10310,10311
10310,10377
10310,10366
10310,10308
10310,10449
10582,10489
10582,10592
10582,10635
10582,10483
10582,10490
287,6449
287,918
287,7033
287,7038
287,7030
9159,9120
9159,6225
10634,9000
10634,10635
10634,10592
11249,11276
11249,11257
11249,11252
11249,11287
11249,11250
11249,11256
11249,11251
11249,11270
11249,11254
1753,1754
1753,959
11301,11310
11301,11300
11928,11852
9285,9284
9285,9286
9285,9146
12335,11808
12335,12382
12335,12331
12335,12334
7826,7810
7826,7817
8565,9509
8565,8560
8565,5861
8565,9512
9113,9244
9113,7989
9113,9146
9113,5405
9113,9120
9113,9223
9113,9298
9113,9299
11984,11985
11984,11827
647,76
647,2130
647,2117
647,2114
647,174
10431,10468
10431,10472
10431,10273
10431,10280
12156,11849
12156,12388
12156,12386
12156,11808
2348,144
2348,1074
7199,5672
7199,411
7199,7185
7199,7224
7199,7223
11930,11856
11930,11931
6666,6691
6666,6669
6666,6671
6666,6670
6666,6663
6666,6657
6666,6659
6666,6658
7087,7104
7087,7092
7087,7093
7087,11312
7087,5397
7087,5458
7087,5454
7114,7091
7114,7096
8230,3914
8230,8231
8230,8228
8264,8263
8264,8262
9811,4645
9811,9812
9811,9794
2141,2149
2141,650
2141,224
2141,2135
5422,5454
5422,5397
5422,5395
9814,4645
9814,12173
9814,12175
9814,9813
9832,10263
9832,9867
9832,9896
9832,10082
9832,9892
9832,9944
10623,10486
10623,10479
407,1735
407,1020
407,5672
407,7224
407,952
407,7179
8211,8210
8211,8223
8211,8165
8211,8208
8211,8209
10229,408
10229,10228
10229,10230
9813,4645
9813,9814
9813,9812
317,41
317,4011
317,76
317,223
6839,6854
6839,3284
6839,6787
8257,8256
8257,8258
8257,8252
3945,3944
3945,9
3945,351
3945,3550
11312,7170
11312,7093
11312,7104
11312,7087
11840,12152
11840,11805
12201,12215
12201,12199
12201,11842
12201,12203
5117,5114
5117,5148
5117,5113
5117,4158
8243,3914
8243,8244
8243,8241
8596,3932
8596,8602
8596,8588
8596,8585
8596,8608
