132,2185
132,3496
132,4496
132,4497
132,932
4798,4600
4798,4799
4424,3754
4424,3707
4424,4425
4424,3724
4424,4111
6004,6002
6004,1177
6004,508
235,958
235,28
235,3262
235,3263
235,3264
235,2231
235,314
235,451
235,35
1783,5063
1783,5089
1832,298
1832,4865
1832,222
3473,351
3473,5881
3473,58
5540,5591
5540,5548
5540,5542
5540,217
5540,26
5653,5652
5653,5539
5653,3681
70,351
70,651
70,3722
70,236
70,2305
70,5880
70,5883
1254,35
1254,3187
4412,3743
4412,3711
4412,4338
4412,4413
4412,4410
4412,4411
4769,5867
4769,5868
4769,4770
4769,4507
4917,4919
4917,4918
4917,4921
4917,3924
4920,4924
4920,4757
4920,4918
4920,4919
5392,5414
5392,5398
5392,5416
5392,5403
5392,5415
5392,5397
5392,5401
5392,5389
5392,5412
5168,5169
5168,5173
5168,5167
5931,5930
5931,5929
1815,3227
1815,5821
4112,3724
4112,4425
4112,3837
4112,3780
4604,3083
4604,4605
4604,453
4604,238
4604,2264
4604,4822
4983,4980
4983,4981
4983,3249
4983,4982
5696,5665
5696,5695
5696,5669
5881,3473
5881,351
5881,5883
5881,5882
5881,5885
5881,58
514,58
514,2247
514,32
514,4715
514,4460
514,4717
3250,3249
3250,440
3717,3698
3717,4321
3717,4411
3717,3697
3717,4392
5445,5451
5445,5502
5445,5503
5445,5440
5445,5459
5445,1348
5136,5765
5136,5073
39,2348
39,2305
39,651
39,2353
39,243
39,242
39,975
39,2306
39,2318
39,236
1336,5006
1336,384
1336,156
1336,5987
3165,4907
3165,4908
3165,3166
3165,214
3165,5442
3165,4612
5083,5194
5083,5061
5083,5214
5083,5213
5083,5189
5083,5192
5083,5191
5083,5190
4392,3698
4392,4409
4392,3717
4392,3697
4392,4393
4392,5342
4411,4410
4411,4412
4411,4413
4411,4321
4411,3971
4411,3717
4411,3698
5560,5614
5560,5547
5560,5561
5560,5613
5560,5558
5560,5559
218,5552
218,36
218,1637
218,3213
218,5892
218,5893
3690,3865
3690,4369
3690,4349
3690,3997
3690,3718
3690,3711
3690,4442
3690,3743
3690,4338
3969,3687
3969,4408
3969,4434
3969,4435
4018,3719
4018,3822
4018,3747
4018,4420
5809,5811
5809,5073
5809,5260
5809,3208
5809,5067
5809,3207
867,1273
867,1782
867,1807
3743,4371
3743,3690
3743,4349
3743,4338
3743,4412
3743,3687
3743,4410
5000,4995
5000,5001
5664,5680
5664,5684
5664,5682
5664,5674
3613,3612
3613,3614
3613,3551
3613,3557
4393,4392
4393,3697
4393,4394
4393,4755
4393,5342
4899,3496
4899,2161
4973,4984
4973,4976
601,3230
601,5049
601,1801
601,4613
601,221
601,1798
601,5231
713,149
713,3543
3167,3134
3167,4888
3167,3168
3167,1529
3167,280
3167,214
3245,3246
3245,172
3245,430
3245,4567
5609,5615
5609,5558
5720,282
5720,5722
5720,823
5720,561
5720,400
5804,5803
5804,5806
5804,5414
5804,5416
5804,5435
5804,5391
5804,5398
4549,4551
4549,4641
4549,4562
4549,4561
4668,4659
4668,4669
4668,61
4668,4660
4675,3197
4675,3198
4675,4673
4675,6
4870,5986
4870,531
4870,5996
4870,530
4870,4868
224,127
224,1987
224,1916
224,5949
224,1919
1872,16
1872,612
1872,886
1872,1884
1872,125
3861,3689
3861,3812
3861,5898
3861,3809
3865,4369
3865,3690
3865,4349
4601,4600
4601,4980
4601,630
4662,4664
4662,4663
4662,4658
4662,5740
4662,5743
4747,5467
4747,4610
4747,5451
4747,207
4747,154
5853,5854
5853,504
5853,711
5390,5406
5390,3735
5390,3716
5390,4432
5390,4433
5390,5405
5390,3761
5390,5393
4757,4924
4757,5342
4757,4754
4757,4920
4794,2057
4794,4795
4968,4465
4968,4984
5103,5102
5103,5065
531,4837
531,5996
531,5992
531,269
531,1335
531,530
531,4870
5096,5065
5189,5083
5189,5831
5189,5081
5697,5705
5697,5665
125,1849
125,609
125,16
125,1872
125,886
125,297
125,604
125,66
125,164
4553,3649
4553,3494
4553,4730
4553,5951
3206,3205
3206,1550
3206,565
3206,3127
3206,123
3340,4905
3340,3339
4299,4395
4299,3859
4299,3735
4299,3805
62,6
62,4673
62,756
62,1314
62,46
239,236
239,2306
239,975
239,976
239,3099
239,32
239,454
3913,3793
3913,3755
3997,4367
3997,3718
3997,3690
4385,4396
4385,4397
4385,3783
4385,3749
4385,3838
4385,4384
4586,4584
4586,4589
4586,4590
4586,4591
4586,4583
4586,4856
4586,5838
4653,3121
4653,4649
420,1798
420,5273
420,221
420,863
420,5063
420,5042
426,1884
426,612
426,1886
426,5790
426,892
426,5796
426,886
426,5794
624,907
624,2023
624,2020
624,3094
3551,3557
3551,3613
3551,3614
3551,3607
3551,3608
3551,5283
5266,5814
5266,5267
5266,5050
5651,5650
5651,5551
5651,1629
5651,5542
515,728
515,5980
515,4460
515,4469
515,4700
3839,3755
3839,4386
4433,4432
4433,3737
4433,4298
4433,3806
4433,3761
4433,5390
4979,4977
4979,4824
4979,4981
4979,4978
5275,5163
5275,5065
1365,4837
1365,4649
1365,208
1365,269
1452,394
1452,1457
1452,159
1452,274
3197,1368
3197,3198
3197,4675
4534,4532
4164,3727
4164,5928
4164,3701
4164,3707
4438,3711
4438,3699
4438,4450
4438,4439
4438,4413
5194,5193
5194,5061
5194,5083
5194,5082
259,118
259,512
259,5980
259,5981
259,196
892,426
892,5790
892,5796
3971,4411
3971,4413
3971,3742
3971,3697
3971,4321
4111,3754
4111,4424
4111,3724
4111,3750
5067,3208
5067,5809
5067,5260
5067,3127
645,2165
645,3478
645,4525
3246,3247
3246,172
3246,3245
3783,3688
3783,3714
3783,4404
3783,3838
3783,4385
3783,4397
4405,4404
4405,4719
4405,3756
4405,4141
4405,3898
4981,4979
4981,3258
4981,2264
4981,4822
4981,4983
4981,4980
3722,4043
3722,3829
3722,651
3722,3827
3722,351
3722,70
3837,4112
3837,4425
3837,3707
3837,3701
3837,3780
4434,3969
4434,4435
4434,3821
4496,4497
4496,3041
4496,132
4865,4864
4865,4853
4865,222
4865,298
4865,1832
5645,5644
5645,5574
5645,5561
716,131
975,39
975,2318
975,239
975,2306
3345,3346
3345,3099
3345,976
3893,3774
3893,4386
3893,4400
3627,3631
3627,4590
5554,5595
5554,5534
5554,5539
5848,3514
5848,4801
5848,3513
5848,5847
5462,3122
5462,5446
5462,5500
5462,5453
5462,5443
5650,5889
5650,5569
5650,5651
5650,5542
5650,5564
4538,4789
4538,4534
4607,1462
4607,123
4607,1464
4607,3123
4612,4907
4612,3165
4612,5442
4612,5458
4612,3122
4867,4866
4867,4862
4867,4864
4867,166
5148,5147
5148,5095
5148,5149
5148,5055
3657,630
3657,440
3657,2084
3657,3656
3675,3679
3675,3322
3675,780
3675,3674
3742,3971
3742,4413
3742,3684
3742,4439
3742,4440
3742,4441
3742,3689
3742,3812
3742,3697
5074,583
5074,5048
5074,5055
5074,5144
5074,580
1807,1783
1807,867
1807,1819
1807,1781
1807,856
3822,3748
3822,4022
3822,3721
3822,3825
3822,3747
3822,3719
3822,4018
5448,5443
5448,5441
5448,5453
5448,5440
5448,5473
741,4560
741,5943
4643,3317
4643,3318
4643,120
4643,5522
5837,4569
5837,127
5837,1919
5837,5838
5837,4613
3214,3213
3214,162
3214,5570
3214,5889
3214,5891
5497,278
5497,809
5987,5004
5987,5006
5987,1336
5987,156
5987,5986
5987,4832
5987,5992
5987,5995
5987,5988
5987,5034
6010,4572
6010,6011
6010,4581
3750,4095
3750,3751
3750,5800
3750,3754
3750,4111
3750,3724
3750,3891
3750,3779
3750,4454
4404,3714
4404,4202
4404,4718
4404,4719
4404,4405
4404,3838
4404,3898
4404,3783
4507,4769
5058,5045
5058,5263
5058,5180
5058,599
5058,4891
5058,5276
3608,3551
3608,3614
3608,3609
3608,5296
3608,5291
3608,3607
4439,4438
4439,3699
4439,4440
4439,3742
4517,4518
4517,4519
4517,4525
4907,793
4907,276
4907,3124
4907,4908
4907,3165
4907,4612
4907,3121
4907,3122
4718,4202
4718,3919
4718,4429
4718,4719
4718,4404
4873,4868
4873,530
4873,154
4873,4669
5150,5149
5150,5256
5150,5151
6009,4572
6009,4575
6009,6011
711,504
711,5853
1460,1459
1460,123
1460,1462
1460,159
3171,3172
3171,4543
3514,5847
3514,5848
3514,3518
823,282
823,124
823,561
823,5720
4950,933
4950,443
5458,4612
5458,5442
5458,5446
5458,3122
5458,5500
5733,13
5733,202
5733,5735
5733,5729
5599,5603
5599,5600
5847,3514
5847,5848
5847,3513
5847,3519
5988,5995
5988,4942
5988,5987
5988,5986
5988,4940
4594,4980
4594,4800
4755,5342
4755,4393
4755,5803
4755,5805
4755,4754
4771,4770
4771,4766
5192,5082
5192,5083
5192,5191
3782,4141
3782,3898
3782,3756
3782,4095
3782,3754
3782,5800
4576,3246
4576,3247
4576,4999
4576,4572
4576,4578
4576,4580
4576,4581
4576,3660
4804,5845
4804,5846
4804,4802
5677,7
5677,5709
3688,3682
3688,3728
3688,4426
3688,3783
3688,3714
3688,4387
3688,4397
3891,3750
3891,3780
3891,3724
3891,3701
3891,3825
3891,3748
3891,3779
5446,5500
5446,5458
5446,5442
5446,5455
5446,5453
5446,5462
5570,3214
5570,162
5570,5551
5570,5569
5570,5889
5865,131
5865,5866
5865,5859
5976,874
5976,602
3825,3748
3825,3891
3825,3701
3825,3721
3825,3822
4673,4675
4673,271
4673,3198
4673,4671
4673,62
4782,5951
4782,5947
4869,3194
4869,4868
4869,4669
4869,4659
5450,5442
5450,214
5450,5488
5450,5441
5450,5455
5450,5453
5790,300
5790,1886
5790,5709
5790,5710
5790,5793
5790,426
5790,892
504,258
504,5853
504,711
3265,319
3265,3694
3265,3266
3265,28
3541,4603
3541,3543
4531,4530
4531,2156
4531,4753
4531,4520
605,297
605,5795
605,164
3718,3997
3718,4367
3718,4365
3718,3864
3718,3690
5113,5050
5113,5267
5113,3134
5113,5044
5942,4861
5942,5947
5942,5943
37,291
37,48
37,126
37,290
37,5093
37,65
37,5094
3765,4444
3765,4445
3765,3990
3765,3699
3765,4443
4864,4867
4864,4862
4864,4865
4864,166
4864,298
3711,3690
3711,4338
3711,4442
3711,4443
3711,4438
3711,4450
3711,4451
3711,4412
3711,4413
4384,3099
4384,4396
4384,4385
4384,652
4384,3745
4384,3083
5771,5773
5771,5769
5814,5815
5814,569
5814,5266
907,624
907,2023
907,175
907,5666
1464,4607
1464,123
1464,276
1464,3123
3333,3334
3333,5552
3333,5892
3334,845
3334,5552
3334,3333
2091,4982
2091,3249
2091,440
2091,2084
5121,5154
5121,5120
5121,5071
5121,5124
3637,3642
3637,3638
3637,3633
320,653
320,2309
320,3706
320,3719
320,55
320,986
320,316
1508,214
1508,818
1508,278
1508,5497
3198,3197
3198,3672
3198,271
3198,4673
3198,4675
3266,3265
3266,3694
3266,653
3266,28
440,2084
440,2091
440,3249
440,3250
440,35
440,3657
4443,4442
4443,3765
4443,3699
4443,3711
4443,4451
5075,5123
5075,5765
5621,5612
5621,5548
410,1659
410,1689
410,65
410,5048
410,5043
410,583
410,5551
3094,3093
3094,624
3094,2020
3094,7
3094,5668
4563,4562
4563,905
4563,7
5184,5183
5184,5060
5184,5818
1251,4697
1251,3188
1251,363
1251,119
5565,5546
5565,5892
5565,5617
1968,4928
1968,617
1968,3248
5685,5688
5685,5669
5685,5684
5685,5661
5685,5680
508,1177
508,6004
508,6013
607,47
607,3233
607,3234
607,608
607,878
607,289
3191,46
3191,5004
3191,5034
3191,4942
5740,5739
5740,4664
5740,4662
5740,5743
5740,5728
3121,1411
3121,391
3121,793
3121,4907
3121,3122
3121,4649
3121,4653
5055,5144
5055,5074
5055,5048
5055,5147
5055,5148
5055,5810
4851,3238
4851,4853
5215,5248
5215,5216
5215,5061
5215,5193
5547,5615
5547,5628
5547,5561
5547,5644
5547,5614
5547,5560
5709,7
5709,5677
5709,5710
5709,300
5709,5790
119,1243
119,4697
119,363
119,1251
119,34
119,3185
119,3186
1412,3669
1412,274
1412,4644
3509,4592
3509,4593
3509,2080
3509,5961
3779,3750
3779,3891
3779,3748
3779,4454
3779,4455
4889,5276
4889,4891
4889,3168
4889,4888
183,55
183,459
5405,5390
5405,3761
5405,5431
5413,5391
5413,5398
5413,5389
5413,5394
4891,5058
4891,599
4891,854
4891,160
4891,4889
5773,4518
5868,5867
5868,516
5868,1220
5868,4769
5868,4770
47,610
47,3233
47,289
47,607
47,163
287,588
287,1711
287,36
287,845
287,5552
3719,3706
3719,4022
3719,3822
3719,4018
3719,2343
3719,4420
3719,320
3719,986
4551,4562
4551,4549
5582,26
5582,5534
1252,3187
1252,4699
1252,520
3123,159
3123,1464
3123,1462
3123,276
3123,4607
3123,3124
3123,391
3230,3232
3230,4613
3230,601
3230,5049
5296,3608
5296,3609
5296,3610
5296,4927
5296,4928
5296,4997
5296,5291
976,3345
976,3099
976,239
3506,5961
3506,3507
5625,5890
5625,5574
5742,5741
5742,5744
5742,5531
5822,4778
5822,5821
5822,5823
5822,1764
314,235
314,3262
314,55
314,2231
314,69
3203,3202
3203,26
3203,3204
3203,3671
5440,5445
5440,5473
5440,5503
5440,5448
5440,120
5558,5609
5558,5614
5558,5560
5558,5559
5558,5601
5558,5600
4998,4993
4998,4999
5473,5443
5473,5448
5473,5440
5473,5503
5797,441
5797,5798
5797,4935
785,4649
785,3122
785,540
785,1408
3257,453
3257,3258
4789,4540
4789,4538
4923,4911
4923,4924
4923,4919
5615,5614
5615,5547
5615,5609
5699,5702
5699,5698
35,1254
35,649
35,235
35,451
35,363
35,3187
35,3188
865,221
865,1799
865,863
3754,3782
3754,3756
3754,4415
3754,3707
3754,4111
3754,4424
3754,4095
3754,3750
5208,5270
5208,5271
5208,5201
5208,5200
5208,5199
5208,5198
3182,3181
3182,721
3182,511
4315,5904
4315,5897
4315,5901
4315,3768
5124,5123
5124,5121
5124,5071
5124,5125
5342,5355
5342,3821
5342,5347
5342,4409
5342,4408
5342,4392
5342,4393
5342,4755
5342,4912
5342,4924
5342,4757
5342,5345
13,3091
13,3092
13,6
13,202
13,206
13,5733
196,259
196,5981
294,293
294,1764
294,1766
294,5823
294,1760
294,220
294,283
3092,3091
3092,3681
3092,5533
3092,3678
3092,3679
3092,4734
3092,13
3092,206
5813,5817
5813,5263
5813,5276
5813,5815
5870,5934
5870,5936
5870,4937
5870,5871
5870,5872
6005,1183
6005,149
6005,6002
4499,4497
217,5542
217,5540
217,580
217,5810
217,816
217,565
217,3205
217,26
290,37
290,126
290,4569
290,416
290,3231
290,4613
2238,234
3646,3645
3646,3136
5151,5150
5151,5257
5151,5152
5151,5140
5256,5100
5256,5257
5256,5150
5257,5256
5257,5099
5257,5258
5257,5151
5739,5736
5739,151
5739,4664
5739,5740
5739,5727
1459,4606
1459,123
1459,1460
1459,159
1852,222
1852,3236
1852,609
1852,606
3317,61
3317,3318
3317,4643
3317,5522
3317,3190
4732,206
4732,4734
4732,6
3967,3809
3967,4306
3967,5899
3967,5895
3967,3716
3967,3737
4571,4570
4944,2136
4944,926
4944,443
4944,4946
5155,5156
5155,5118
5155,5274
851,163
851,588
851,1711
935,5934
935,4541
1462,1460
1462,123
1462,4607
1462,3123
1955,4740
1955,4570
5810,580
5810,5144
5810,5055
5810,5811
5810,565
5810,217
634,4962
634,2111
634,919
5539,5653
5539,5554
5539,5534
5539,3681
5539,3677
1217,4707
1217,4465
1217,724
2335,652
2335,3745
2335,3691
2335,456
5156,5819
5156,5155
5410,5389
5410,5395
5410,5439
5674,5664
5674,5710
924,5863
3728,3682
3728,4406
3728,4407
3728,3795
3728,4426
3728,3688
5167,5168
5167,5830
5167,5101
5291,3602
5291,3604
5291,3607
5291,3608
5291,5296
5291,4993
5291,4995
5291,4997
5291,5288
4603,4602
4603,635
4603,3541
4666,151
4666,46
4666,4940
4666,4663
4666,4664
4859,4858
4859,4857
4859,4862
4919,4923
4919,4920
4919,4917
4919,3924
283,160
283,293
283,294
283,1760
283,124
283,832
780,3675
780,3671
780,3666
780,271
780,3672
3091,1416
3091,5533
3091,3092
3091,13
4022,3706
4022,3748
4022,3822
4022,3719
5273,5272
5273,5231
5273,1798
5273,420
5273,5042
5273,5227
5591,5548
5591,5540
5978,222
5978,602
5980,259
5980,512
5980,728
5980,515
5980,5981
291,850
291,878
291,1842
291,879
291,126
291,37
291,48
456,652
456,2335
456,3691
456,2328
456,971
456,238
456,4605
3533,1233
5818,5264
5818,5184
5818,5819
5503,5502
5503,5443
5503,5473
5503,5440
5503,5445
5601,5558
5601,5600
5601,5807
68,3247
68,3248
68,4512
68,5780
68,303
1245,1233
1245,520
3213,218
3213,36
3213,3214
3213,1637
3213,5638
4593,5842
4593,4799
4593,3509
4593,4592
4699,520
4699,1252
4699,3187
4699,4697
4699,4698
5817,5819
5817,5060
5817,5263
5817,5813
5873,3684
5873,5896
5873,5875
5873,3812
5974,171
5974,5283
5974,5975
5974,896
5974,614
1781,5269
1781,599
2306,39
2306,975
2306,239
2306,236
4272,4754
4272,5803
4272,5391
4272,4922
4450,3711
4450,4451
4450,3699
4450,4438
1706,414
1706,1709
1706,65
1706,162
3771,3747
3771,3721
3771,3685
3771,4419
3827,3722
3827,4400
3827,993
3827,2348
3827,4422
3827,651
4445,4444
4445,3765
282,280
282,832
282,823
282,124
282,5720
282,822
282,5722
4546,4730
4546,4543
4546,4784
4546,4544
5269,5268
5269,1782
5269,5089
5269,1781
5269,5045
5269,5180
5821,1815
5821,3227
5821,3228
5821,164
5821,5822
5821,5823
5073,5136
5073,5809
5892,3333
5892,218
5892,5552
5892,5893
5892,5565
5892,5546
36,287
36,588
36,5552
36,48
36,3215
36,3216
36,414
36,162
36,218
36,3213
1884,1872
1884,612
1884,426
1884,886
3227,1819
3227,66
3227,3228
3227,1815
3227,5821
5060,5183
5060,5184
5060,5045
5060,5201
5060,5263
5060,5817
5060,5819
5819,5818
5819,5060
5819,5817
5819,5156
6015,6013
6015,258
6015,3631
1764,5822
1764,294
1764,293
5694,5695
5694,5698
5694,5712
5694,5661
5743,5740
5743,4662
5743,4658
5743,5744
5743,5741
5765,5136
5765,5075
739,4796
2020,3094
2020,624
4455,4454
4455,3779
4455,3748
4455,3706
4946,4944
4946,443
4946,4947
4946,4625
5453,5462
5453,5446
5453,5455
5453,5450
5453,5441
5453,5443
5453,5448
5680,5685
5680,5664
5936,5934
5936,5870
66,1819
66,604
66,603
66,125
66,164
66,3227
66,3228
1273,867
4415,4414
4415,3754
4415,3756
5248,587
5248,5170
5596,5533
5596,5652
5862,5866
5862,5859
4097,3700
4097,3898
4097,3751
4528,4525
4528,4529
4543,3171
4543,4546
5039,1314
5039,756
5039,5006
5039,5004
162,36
162,1706
162,414
162,1659
162,1689
162,65
162,3214
162,5570
4530,4531
4530,4520
5169,5043
5169,5168
5170,587
5170,5248
5170,5171
5170,5251
4766,4771
4766,4629
4940,46
4940,4942
4940,5988
4940,6000
4940,4666
5048,583
5048,410
5048,5043
5048,5147
5048,5095
5048,5074
5048,5055
166,4613
166,4864
166,4866
166,4867
166,874
166,298
166,1801
166,221
1770,1781
1770,856
1770,599
1825,872
1825,603
4425,4424
4425,3707
4425,3837
4425,3724
4425,4112
721,4704
721,4461
721,511
721,3181
721,3182
4365,3718
4797,3498
4797,3501
5258,5257
5258,5152
5231,5049
5231,601
5231,1798
5231,5273
5883,351
5883,70
5883,5880
5883,5885
5883,5881
5911,5897
5911,5901
3496,4898
3496,4899
3496,2185
3496,132
4629,4766
4629,3476
4822,4604
4822,4820
5081,5190
5081,5189
5081,5077
3694,3347
3694,3751
3694,4035
3694,4454
3694,653
3694,3706
3694,319
3694,3265
3694,3266
5406,3735
5406,5390
5406,5417
5711,5661
5711,5712
5711,5682
5780,5769
5780,68
65,162
65,1706
65,1709
65,48
65,37
65,587
65,5094
65,5043
65,1689
65,410
278,818
278,1508
278,822
278,5722
278,400
278,809
278,5497
569,5814
569,1613
569,5117
569,4888
569,5267
905,4564
905,7
905,4563
4930,4929
4930,4928
5455,5442
5455,5450
5455,5453
5455,5446
5722,822
5722,282
5722,5720
5722,278
168,610
168,1878
168,3241
168,3242
168,614
168,223
168,3233
168,3234
3543,713
3543,3541
3543,3542
3805,5806
3805,4299
3805,4395
3805,3735
3805,5404
4625,4946
4931,4479
4931,4932
5871,5934
5871,5870
5871,5872
5871,3484
453,2264
453,4604
453,238
453,2277
453,3259
453,3257
453,3258
1314,62
1314,756
1314,5004
1314,5039
1314,46
3124,3123
3124,276
3124,4907
3124,391
3124,793
4529,4528
4529,4525
4529,4751
4529,2156
5985,4895
5985,3093
4649,4653
4649,3121
4649,208
4649,1403
4649,1408
4649,785
4649,1365
4649,4837
5006,5039
5006,756
5006,4671
5006,384
5006,1336
5006,5987
5006,5004
5531,4660
5531,5742
5531,5744
5531,3189
5531,3190
5531,5532
5842,4592
5842,4593
5842,5844
4610,269
4610,208
4610,5451
4610,4744
4610,4747
5245,5246
5245,5244
5845,3519
5845,5846
5845,629
5845,4804
5845,920
28,38
28,319
28,653
28,3265
28,3266
28,316
28,2309
28,3263
28,958
28,234
28,235
176,2151
176,4520
176,3649
1416,5533
1416,3091
4408,3969
4408,4435
4408,3698
4408,3687
4408,4409
4408,3821
4408,5342
4394,4393
4394,3697
4394,4395
4394,5805
4394,5806
4435,4434
4435,3969
4435,4408
4435,3821
4751,4529
4751,4525
5856,507
5856,5854
228,635
228,2059
228,2057
228,912
2246,32
2246,1111
3658,4583
3658,3659
3658,16
3924,4917
3924,4919
3924,4414
5938,4506
5938,4491
5042,5227
5042,420
5042,5273
5042,5063
5042,5062
5042,5270
5355,5347
5355,5342
5355,5345
5403,5416
5403,5415
5403,5417
5403,5392
5710,5709
5710,5674
5710,5790
5710,5793
588,1711
588,851
588,163
588,36
588,3215
588,287
2207,3484
2207,5872
5438,5394
5438,5389
5438,5439
5559,5558
5559,5560
5559,5613
5559,5600
5216,5094
5216,5091
5216,5061
5216,5215
2185,3476
2185,132
2185,3496
5395,5389
5395,5412
5395,5397
5395,5423
5395,5410
5929,5928
5929,5931
5929,3685
172,3245
172,3246
172,303
172,430
172,127
580,1629
580,5542
580,583
580,5074
580,5144
580,5810
580,217
602,5976
602,5978
873,222
873,606
873,872
4999,4998
4999,5003
4999,4576
4999,5001
5149,5148
5149,5150
5199,5198
5199,5208
5199,5200
5500,3122
5500,5458
5500,5446
5500,5462
879,608
879,223
879,126
879,291
879,1842
1886,612
1886,300
1886,5790
1886,426
4544,4730
4544,4546
4819,1230
4819,735
3700,3749
3700,3833
3700,3898
3700,3712
3700,3751
3700,4097
3700,3691
4560,5943
4560,4561
4560,3052
4560,741
5263,5060
5263,5817
5263,5045
5263,5058
5263,5276
5263,5813
5414,5804
5414,5416
5414,5392
5414,5398
1629,5551
1629,5651
1629,583
1629,580
1629,5542
3102,3101
3102,34
3188,3187
3188,35
3188,363
3188,1251
3188,4697
3259,453
3259,38
3259,2277
3259,5970
3259,3258
3259,5964
612,16
612,300
612,426
612,1886
612,1884
612,1872
3204,3203
3204,26
3204,274
3204,3669
3204,3671
5600,5601
5600,5559
5600,5558
5600,5599
5600,5603
5717,5714
5717,5713
5717,4707
5717,4710
5880,5882
5880,5883
5880,70
5880,236
5880,32
5880,58
5880,2247
5100,5101
5100,5099
5100,5256
5546,5892
5546,5565
5546,5617
5546,5535
351,3722
351,70
351,5883
351,3473
351,5881
1335,531
1335,269
1335,4744
1335,530
4664,151
4664,4666
4664,4662
4664,5739
4664,5740
4801,4800
4801,5848
3649,176
3649,2151
3649,4553
3649,3494
4862,4858
4862,4859
4862,4864
4862,4866
4862,4867
5140,5151
5140,5141
933,3633
933,3635
933,4950
5243,5244
5243,5091
5623,5564
5623,5542
5623,5548
4396,3346
4396,3344
4396,4403
4396,4397
4396,4384
4396,4385
4396,3099
5435,5804
5435,5404
5435,5416
5702,5699
5702,5665
221,601
221,1801
221,166
221,874
221,865
221,1799
221,420
221,863
391,159
391,3123
391,3124
391,793
391,3121
391,1411
391,4646
391,4655
614,168
614,3242
614,896
614,223
3735,3805
3735,4299
3735,3859
3735,3716
3735,5390
3735,5406
234,38
234,5969
234,28
234,649
234,958
234,2267
234,2238
280,3167
280,3168
280,832
280,282
280,822
280,1529
280,818
3187,35
3187,1254
3187,3188
3187,1252
3187,4697
3187,4699
5459,5451
5459,5445
5459,1348
5459,207
5736,5735
5736,202
5736,151
5736,5739
5736,5732
1760,294
1760,220
1760,124
1760,283
4669,4868
4669,4869
4669,154
4669,4873
4669,61
4669,1326
4669,4668
5063,5042
5063,420
5063,863
5063,1783
5063,5089
5063,5062
5412,5389
5412,5392
5412,5397
5412,5395
4423,4422
4423,4401
4423,242
4423,243
4535,4532
4888,1613
4888,569
4888,5276
4888,4889
4888,3167
4888,3168
4888,3134
5044,5050
5044,5261
5044,3134
5044,5113
5044,3166
5044,4908
3264,3263
3264,316
3264,3262
3264,235
3638,3640
3638,3634
3638,3637
3747,4018
3747,3822
3747,3721
3747,3771
3747,4420
3747,4421
4233,4389
4233,4406
5200,5199
5200,5208
5200,5201
5264,5163
5264,5818
5714,4700
5714,5984
5714,5713
5714,4710
5714,5717
5714,4704
5714,4461
1183,149
1183,6005
4518,5773
4518,4519
4518,4517
5092,5093
5092,5244
5092,5091
5183,5201
5183,5060
5183,5184
5949,224
5949,1916
208,1365
208,4649
208,1403
208,540
208,5443
208,5451
208,5502
208,269
208,4610
3127,1550
3127,3206
3127,3208
3127,5067
3127,3128
3127,123
3699,3765
3699,4443
3699,4450
3699,4451
3699,3990
3699,3684
3699,4438
3699,4439
3699,4440
3699,4441
4738,4570
4738,4739
4738,171
4738,3098
2267,234
2267,958
2267,649
3208,3207
3208,5809
3208,5067
3208,3127
3228,3227
3228,66
3228,164
3228,5821
4698,4699
4698,1230
151,202
151,751
151,46
151,4664
151,4666
151,5736
151,5739
4497,4499
4497,4496
4497,132
5652,5533
5652,5596
5652,5653
5652,3681
48,1715
48,289
48,3216
48,291
48,850
48,37
48,65
48,36
48,1709
48,414
4429,4428
4429,3919
4429,4718
4429,4202
4429,3714
4605,3083
4605,456
4605,652
4605,238
4605,4604
5004,1314
5004,5039
5004,5006
5004,5987
5004,3191
5852,5851
5852,5858
5852,6013
5928,3727
5928,5930
5928,5929
5928,3685
5928,3701
5928,4164
276,1464
276,123
276,398
276,1499
276,4907
276,3123
276,3124
1919,127
1919,224
1919,5837
4035,3712
4035,3751
4035,3694
4035,3347
4444,3864
4444,4445
4444,3765
4369,3690
4369,3865
5101,5167
5101,5102
5101,5100
5191,5192
5191,5083
5191,5190
5191,5164
5875,5873
5875,5897
5875,5921
5875,3812
5875,5904
4292,3761
4292,3806
4387,4386
4387,3682
4387,3688
4387,4397
4387,4401
4387,4402
4387,4403
4461,4704
4461,1201
4461,4707
4461,4710
4461,5714
4461,4960
4461,721
4461,511
5147,5048
5147,5095
5147,5148
5147,5055
511,721
511,3182
511,4461
511,4959
2165,645
2165,4525
3101,34
3101,3185
3101,3186
3101,3102
4095,3782
4095,3754
4095,3750
4095,5800
5217,5061
5217,5835
5217,5833
5217,5214
5899,5898
5899,4306
5899,3768
5899,5895
5899,3866
5899,3967
5274,5120
5274,5155
5574,5625
5574,5644
5574,5645
1201,4707
1201,724
1201,4954
1201,4461
1921,430
1921,127
1921,4569
3780,3724
3780,4112
3780,3837
3780,3701
3780,3891
4644,3666
4644,1412
4644,4646
4644,384
4644,156
6011,4572
6011,6009
6011,6007
6011,6010
896,614
896,425
896,223
896,126
3207,565
3207,5809
3207,5811
3207,3208
3207,1550
3494,3649
3494,3173
3494,4553
5001,5000
5001,4999
5001,3660
3052,4560
3052,4561
3052,16
3052,7
5190,5191
5190,5083
5190,5081
5190,5077
5831,5213
5831,5189
316,28
316,2309
316,320
316,55
316,3263
316,3264
400,278
400,561
400,5720
400,5457
5240,5091
5240,416
5240,5239
5240,5061
5393,5415
5393,5390
5393,5431
5393,5401
5393,5430
4403,4402
4403,4387
4403,4396
4403,4397
4403,242
4403,3344
4921,4917
4921,4922
4921,5394
441,454
441,953
441,3083
441,2099
441,4824
443,4950
443,4944
443,4946
443,4947
1457,394
1457,123
1457,4606
1457,1452
4141,4405
4141,3756
4141,3782
4141,3898
3838,3783
3838,4385
3838,4404
3838,3833
3838,3898
3838,3749
5828,5050
5828,5072
5904,3812
5904,5897
5904,5875
5904,4315
5904,5923
5904,3768
289,47
289,878
289,607
289,850
289,48
289,163
2247,58
2247,5880
2247,32
2247,514
3640,3638
3640,3641
3640,3642
3698,3687
3698,4410
3698,4411
3698,3717
3698,4392
3698,4408
3698,4409
561,823
561,5720
561,124
561,400
3612,3589
3612,4926
3612,4927
3612,3609
3612,3610
3612,3613
3612,3614
4465,5713
4465,4479
4465,1217
4465,4707
4622,4952
4622,4564
4453,3687
4453,4452
4591,4590
4591,4589
4591,4586
4995,5291
4995,5288
4995,4993
4995,5000
4995,3245
4995,4994
5815,5118
5815,5813
5815,5117
5815,5814
6013,508
6013,1177
6013,6002
6013,5851
6013,5852
6013,258
6013,6015
1637,218
1637,3213
1637,5638
1637,5566
3727,4164
3727,5928
3727,5930
3727,3707
5429,5397
5429,5401
5488,5465
5488,5441
5488,5490
5488,5450
4932,4931
4932,5867
5094,65
5094,37
5094,587
5541,5648
5541,5649
5541,5556
5541,5533
5612,5613
5612,5561
5612,5621
540,785
540,3122
540,5443
540,208
1326,4669
1326,154
1326,207
1326,61
1550,565
1550,3207
1550,3127
1550,3206
4525,4517
4525,2165
4525,645
4525,4528
4525,4529
4525,4751
5669,5696
5669,5661
5669,5688
5669,5685
5844,5963
5844,5842
5844,4592
5844,5843
5566,5893
5566,1637
5566,5638
5566,5890
5732,5731
5732,5736
5732,5727
3097,3098
3097,1878
3097,171
3097,3241
3097,610
3507,3506
3507,1260
4386,3755
4386,3682
4386,3839
4386,4387
4386,3893
4386,3774
4386,4400
4960,4461
4960,4954
4960,4959
2080,3509
4043,3722
5442,4612
5442,3165
5442,214
5442,5455
5442,5450
5442,5446
5442,5458
6001,6000
6001,5986
6001,3194
6001,4663
6001,4659
126,879
126,223
126,425
126,896
126,4568
126,4569
126,290
126,291
126,37
5556,5541
5556,5807
5556,5533
5561,5547
5561,5644
5561,5645
5561,5612
5561,5560
5561,5613
5997,4834
5997,156
5997,4837
5997,5992
3749,4385
3749,3833
3749,3838
3749,3700
3749,3691
3749,3745
4297,3806
4428,4426
4428,3795
4428,4429
4428,3714
4660,4658
4660,4668
4660,3189
4660,5531
4660,5744
630,4601
630,4980
630,4982
630,2084
630,3657
1243,4697
1243,119
1782,5089
1782,5269
3678,3092
3678,3679
3678,3674
3678,1368
3678,4734
3678,4737
5089,5062
5089,5063
5089,1783
5089,1782
5089,5268
5089,5269
5163,5275
5163,5264
5457,400
5457,5447
5793,5790
5793,5710
2328,456
2328,3691
2328,3712
2328,971
3604,5283
3604,3607
3604,5291
3604,3602
3751,3700
3751,4097
3751,5800
3751,3694
3751,3750
3751,4454
3751,3712
3751,4035
4977,441
4977,4979
4977,4976
6002,6006
6002,6005
6002,149
6002,5851
6002,6013
6002,6004
6002,1177
3833,3838
3833,3898
3833,3700
3833,3749
5118,5155
5118,5815
1759,293
1759,854
2156,4529
2156,4531
3614,3613
3614,3612
3614,3608
3614,3551
3684,3699
3684,4441
3684,3990
3684,5924
3684,5925
3684,5873
3684,5896
3684,3742
3684,3812
1801,4613
1801,166
1801,221
1801,601
2057,228
2057,4794
4409,4408
4409,3698
4409,4392
4409,5342
4432,3716
4432,3737
4432,4433
4432,5390
236,70
236,39
236,2306
236,2305
236,239
236,32
236,5880
3724,3750
3724,4111
3724,4424
3724,4425
3724,3780
3724,4112
3724,3891
4898,3476
4898,3496
5201,5200
5201,5208
5201,5271
5201,5045
5201,5183
5201,5060
5261,5260
5261,5072
5261,5050
5261,5044
5261,3128
5261,398
5613,5560
5613,5561
5613,5612
5613,5559
5835,5239
5835,5235
5835,5217
175,2023
175,907
300,16
300,7
300,5709
300,5790
300,612
300,1886
920,633
920,3519
920,5845
920,629
3898,3838
3898,4141
3898,4404
3898,4405
3898,3782
3898,3700
3898,4097
3898,3833
5970,3259
5970,38
5970,5971
5045,5201
5045,5271
5045,5268
5045,5269
5045,5058
5045,5180
5045,5060
5045,5263
1689,162
1689,65
1689,410
1689,1659
1987,224
1987,127
3589,4741
3589,3612
4235,4407
4235,3921
5971,5970
5971,38
5971,5969
1715,48
1715,3216
3134,5113
3134,5267
3134,4888
3134,214
3134,3167
3134,3166
3134,5044
3501,4797
3501,4796
4602,5859
4602,4603
3659,1153
3659,3052
3659,3658
4908,398
4908,5044
4908,3165
4908,3166
4908,4907
919,634
919,633
1411,4655
1411,391
1411,3121
1709,414
1709,48
1709,65
1709,1706
3216,3215
3216,1715
3216,48
3216,36
4754,4757
4754,4755
4754,4272
4754,5803
4754,4918
4754,4922
5389,5413
5389,5394
5389,5392
5389,5398
5389,5410
5389,5395
5389,5412
5389,5438
5389,5439
5851,6002
5851,149
5851,5852
5851,6013
454,32
454,239
454,3099
454,441
454,953
724,4707
724,1217
724,1201
724,4954
1711,851
1711,588
1711,287
2111,634
4371,3743
4371,3687
4454,3751
4454,3750
4454,3779
4454,4455
4454,3694
4613,290
4613,4569
4613,5837
4613,5838
4613,1801
4613,166
4613,601
4613,3230
4613,3231
4613,3232
5532,5531
5532,3190
5532,5522
4796,3501
4796,739
5533,1416
5533,5556
5533,5541
5533,5596
5533,3681
5533,5652
5533,3091
5533,3092
5796,426
5796,892
5796,5794
5885,5881
5885,5883
5885,5882
414,36
414,48
414,1706
414,1709
414,162
3681,5533
3681,5539
3681,5652
3681,5653
3681,3677
3681,3679
3681,3092
4520,4530
4520,4531
4520,4753
4520,2151
4520,176
4561,4549
4561,3052
4561,4560
5858,5852
5858,507
3241,3097
3241,171
3241,3242
3241,168
3241,1878
3339,3340
3339,4905
3339,618
5002,4997
5002,5003
5807,5601
5807,5556
1799,221
1799,874
1799,865
2309,28
2309,653
2309,320
2309,316
5417,5403
5417,5406
5417,5415
4962,4966
4962,634
61,4668
61,4669
61,1326
61,207
61,120
61,3317
61,3318
61,3189
61,3190
958,234
958,28
958,235
958,2267
4584,3660
4584,4586
4584,4590
4584,5837
4584,5838
4744,1335
4744,269
4744,4610
4744,5467
4744,530
4744,154
5061,5215
5061,5216
5061,5240
5061,5239
5061,5214
5061,5217
5061,5194
5061,5083
5180,5045
5180,5269
5180,599
5180,5058
1613,5117
1613,5276
1613,4888
1613,569
3186,3185
3186,119
3186,34
3186,3101
4564,4622
4564,905
4564,4562
5826,5260
46,6
46,62
46,1314
46,3191
46,4666
46,4940
46,4942
46,751
46,151
809,5497
809,278
809,5465
822,280
822,282
822,5722
822,278
932,132
932,3478
3669,3671
3669,274
3669,3204
3669,1412
3669,3666
3677,3681
3677,5534
3677,5539
3677,3201
3677,3322
3677,3679
4367,3718
4367,3997
5682,5684
5682,5661
5682,5711
5682,5664
164,66
164,3228
164,5821
164,605
164,125
164,297
164,1766
164,220
818,1529
818,280
818,278
818,214
818,1508
1230,4698
1230,4819
3498,4795
3498,3500
3498,4797
4905,3339
4905,3340
4905,4929
4905,4925
4905,4926
5439,5438
5439,5389
5439,5410
5705,7
5705,5668
5705,5697
948,4935
948,4505
948,4506
986,320
986,2343
986,3719
986,459
986,55
1878,3097
1878,3241
1878,168
1878,610
4730,4553
4730,5951
4730,4544
4730,4546
5798,5797
5798,441
5798,4935
269,4837
269,1365
269,208
269,4610
269,4744
269,531
269,1335
5283,171
5283,4739
5283,3557
5283,3551
5283,3602
5283,3604
5283,5974
5465,809
5465,5447
5465,5490
5465,5488
5603,5600
5603,5599
4935,5797
4935,5798
4935,948
1368,4737
1368,3674
1368,3678
1368,3672
1368,3197
4395,4394
4395,3689
4395,4299
4395,3859
4395,3805
4395,5806
4800,4594
4800,4801
4866,5838
4866,4862
4866,4867
4866,166
609,1852
609,3236
609,125
609,606
609,1849
5123,5075
5123,5154
5123,5124
5890,5566
5890,5891
5890,5889
5890,5625
1348,5459
1348,5445
1348,120
1348,207
3194,6001
3194,4868
3194,5986
3194,4869
3194,4659
4452,4453
4452,3687
5877,3866
5877,5895
5877,3867
5877,5894
5934,4492
5934,5870
5934,5871
5934,5936
5934,2201
5934,935
5934,4541
58,3473
58,5880
58,5881
58,5882
58,514
58,2247
58,118
58,4460
4770,4769
4770,5868
4770,4771
4918,4920
4918,4754
4918,4922
4918,4917
5713,4469
5713,4460
5713,4713
5713,5716
5713,4465
5713,4479
5713,4707
5713,5714
5713,5717
5891,5638
5891,3214
5891,5889
5891,5890
3234,3233
3234,168
3234,223
3234,608
3234,607
3238,4851
3238,3236
3238,222
4697,4699
4697,3187
4697,3188
4697,1251
4697,119
4697,1243
5811,5810
5811,5141
5811,5809
5811,3207
5551,5570
5551,5569
5551,1659
5551,410
5551,1629
5551,583
5551,5651
993,3827
993,243
993,2353
993,2348
2126,4810
2126,131
4400,3893
4400,4386
4400,4401
4400,3827
4400,4422
5467,4744
5467,4747
5467,154
4740,1955
4740,618
4740,4925
4740,4741
4740,4570
5049,5232
5049,1729
5049,3230
5049,5231
5049,601
5049,5272
5964,3258
5964,3259
1153,3659
1153,3093
3263,28
3263,316
3263,3264
3263,235
5043,65
5043,410
5043,5251
5043,5171
5043,587
5043,5169
5043,5048
5043,5095
4397,4387
4397,4403
4397,3783
4397,3688
4397,4385
4397,4396
5522,3190
5522,3317
5522,4643
5522,5532
5859,131
5859,5862
5859,5865
5859,5866
5859,4602
5859,4814
3607,3551
3607,3608
3607,5291
3607,3604
4753,4531
4753,4520
4952,4618
4952,4622
5152,5151
5152,5258
4388,4389
4388,3682
4388,3793
4512,68
206,13
206,3092
206,4732
206,4734
206,6
1798,5231
1798,601
1798,420
1798,5273
3231,290
3231,4613
3231,3232
3231,416
3631,6015
3631,3627
5961,629
5961,3509
5961,4592
5961,5843
5961,3506
5961,5959
587,65
587,5094
587,5251
587,5170
587,5248
587,5043
3242,3241
3242,171
3242,614
3242,168
5727,5732
5727,5739
5727,5728
5830,5082
5830,5167
5235,5272
5235,5227
5595,5554
5829,5125
5829,5260
3660,3245
3660,5001
3660,4576
3660,4578
3660,4584
3660,4569
3660,5837
3867,3768
3867,5900
3867,5877
5077,5190
5077,5081
5171,5251
5171,5170
5171,5043
6006,6007
6006,6002
4980,4978
4980,4981
4980,630
4980,4982
4980,4983
4980,4598
4980,4600
4980,4601
4980,4594
5695,5696
5695,5665
5695,5694
5695,5661
3557,3613
3557,3551
3557,5283
4590,4584
4590,3627
4590,4591
4590,4586
4947,4946
4947,443
4954,1201
4954,724
4954,4960
3679,3092
3679,3681
3679,3677
3679,3675
3679,3678
5889,5890
5889,5891
5889,5570
5889,3214
5889,5569
5889,5650
5889,5564
4832,5987
4832,156
4832,5992
4861,4860
4861,5947
4861,5942
4861,4857
5649,5648
5649,5535
5649,5541
451,35
451,235
451,2231
451,69
3122,3121
3122,4612
3122,4907
3122,5458
3122,5500
3122,5462
3122,540
3122,785
4492,4491
4492,5934
4618,4625
4618,4952
751,6
751,46
751,151
751,202
4942,46
4942,3191
4942,5034
4942,5995
4942,5988
4942,4940
5644,5547
5644,5574
5644,5645
5644,5561
394,26
394,123
394,1452
394,1457
394,274
3099,976
3099,239
3099,3345
3099,4396
3099,3083
3099,4384
3099,454
3099,953
4402,4401
4402,4387
4402,4403
4402,242
5117,5815
5117,5276
5117,1613
5117,569
5769,5771
5769,5780
5782,5781
5782,5372
5782,5379
5782,5344
69,2231
69,451
69,314
69,231
274,26
274,3204
274,1452
274,394
274,159
274,1412
274,3669
3513,5847
3513,5848
3513,5846
4719,4718
4719,4414
4719,3756
4719,4404
4719,4405
3821,4408
3821,4434
3821,4435
3821,5342
3821,5347
4421,4420
4421,3747
4421,4419
4421,459
4976,4985
4976,4977
4976,4978
4976,4973
5246,5245
5246,5093
159,1452
159,274
159,1459
159,1460
159,4606
159,391
159,3123
159,4646
459,2343
459,986
459,4419
459,4420
459,4421
459,183
459,55
735,4819
735,4895
971,456
971,2328
971,3712
971,319
971,38
971,238
4858,4856
4858,4859
4858,4862
5423,5395
5423,5397
5666,907
5975,5974
5975,5288
120,61
120,1348
120,207
120,5440
120,3318
120,4643
231,69
231,34
303,68
303,172
2277,453
2277,238
2277,38
2277,3259
5347,3821
5347,5342
5347,5356
5347,5355
124,282
124,832
124,1760
124,283
124,220
124,823
124,561
3322,3677
3322,3201
3322,3671
3322,3675
4655,4646
4655,391
4655,1411
5095,5048
5095,5043
5095,5147
5095,5148
4202,3714
4202,4429
4202,4718
4202,4404
4338,3743
4338,3690
4338,3711
4338,4412
5232,416
5232,1729
5232,5049
606,873
606,222
606,1852
606,609
606,604
606,1849
606,872
3202,3201
3202,26
3202,3203
3202,3671
3774,4386
3774,3893
3774,3829
3919,3795
3919,4718
3919,4429
5379,5782
5379,5372
5415,5403
5415,5417
5415,5393
5415,5401
5415,5392
5665,5697
5665,5702
5665,5698
5665,5696
5665,5695
3181,721
3181,4704
3181,3182
512,259
512,118
512,4460
512,5980
1403,4649
1403,1408
1403,208
3644,3643
3644,926
4491,5938
4491,4820
4491,4492
4491,3041
3609,3612
3609,3610
3609,5296
3609,3608
5034,3191
5034,5987
5034,5995
5034,4942
728,4460
728,515
728,5980
2151,4520
2151,3649
2151,176
2201,5934
4982,4980
4982,4983
4982,2091
4982,2084
4982,630
4993,5291
4993,4997
4993,4998
4993,4995
1158,258
1158,1159
1714,163
1714,3215
4646,391
4646,159
4646,4655
4646,4644
4936,4937
4936,35
4570,1955
4570,4740
4570,4571
4570,4738
5867,4932
5867,516
5867,5868
5867,4769
171,3097
171,3098
171,4738
171,4739
171,3241
171,3242
617,4928
617,1968
793,391
793,3124
793,4907
793,3121
1233,520
1233,1245
1233,3533
3166,4908
3166,5044
3166,3134
3166,214
3166,3165
3849,5346
3849,5352
3849,5345
3849,4911
3849,4912
4734,206
4734,3092
4734,3678
4734,4737
4734,4732
4741,4740
4741,4925
635,5959
635,228
635,2059
635,4603
2059,635
2059,228
2348,3827
2348,993
2348,39
2348,2353
2348,651
3093,4895
3093,5985
3093,3094
3093,7
5125,5124
5125,5829
4422,3827
4422,4400
4422,4401
4422,4423
4422,243
4926,4925
4926,4905
4926,4927
2099,441
2099,4824
3344,242
3344,4403
3344,4396
3344,3346
3542,3543
3633,3637
3633,3634
3633,3635
3633,933
3173,3174
3173,3494
3656,3657
3656,35
5900,3768
5900,5901
5900,3867
5728,5727
5728,5740
5728,5741
3712,3691
3712,3700
3712,2328
3712,3751
3712,3347
3712,319
3712,4035
3712,971
4441,4440
4441,3699
4441,3684
4441,3742
4592,5842
4592,5843
4592,5844
4592,4593
4592,3509
4592,5961
5614,5615
5614,5547
5614,5560
5614,5558
4927,4926
4927,4929
4927,4928
238,4604
238,4605
238,456
238,971
238,38
238,453
238,2277
3478,932
3478,3645
3478,645
4569,4568
4569,127
4569,1921
4569,4613
4569,5837
4569,290
4569,126
4809,4810
4809,131
5996,5986
5996,5992
5996,531
5996,4870
3641,3640
3641,3642
3641,3136
4795,4794
4795,3498
5698,5665
5698,5699
5698,5712
5698,5694
5781,5356
5781,5782
5781,5344
5356,5347
5356,5781
5744,5743
5744,4658
5744,4660
5744,5531
5744,5742
3721,3825
3721,3701
3721,3685
3721,3771
3721,3822
3721,3747
3812,3742
3812,3684
3812,5873
3812,5875
3812,5904
3812,5923
3812,3689
3812,3861
3812,5898
4406,4233
4406,4407
4406,3728
5260,5067
5260,5809
5260,5826
5260,5829
5260,5261
5260,3128
3232,3231
3232,4613
3232,3230
3232,1729
3232,416
4717,4460
4717,514
4717,4715
4717,5716
4814,5859
5352,5344
5352,5345
5352,3849
5352,5346
258,6013
258,6015
258,504
258,1158
1159,1158
1159,4589
3701,3707
3701,4164
3701,3780
3701,3837
3701,5928
3701,3685
3701,3721
3701,3825
3701,3891
3748,3779
3748,4455
3748,3891
3748,3825
3748,3822
3748,3706
3748,4022
1819,603
1819,66
1819,3227
3768,5898
3768,5923
3768,4315
3768,5901
3768,5904
3768,3867
3768,5900
3768,3866
3768,5899
5443,540
5443,5453
5443,5462
5443,5473
5443,5448
5443,208
5443,5502
5443,5503
5806,5805
5806,4394
5806,4395
5806,5404
5806,3805
5806,5804
4414,3924
4414,4415
4414,4719
4663,4666
4663,6000
4663,6001
4663,4659
4663,4662
5272,5049
5272,5273
5272,5235
5441,5450
5441,5453
5441,5488
5441,5490
5441,5447
5441,5448
832,3168
832,160
832,283
832,124
832,282
832,280
1408,4649
1408,785
1408,1403
2305,70
2305,651
2305,39
2305,236
3691,2335
3691,3745
3691,3749
3691,3700
3691,3712
3691,456
3691,2328
5863,924
5863,5866
6007,6011
6007,6006
2264,4604
2264,453
5542,5623
5542,5564
5542,1629
5542,5650
5542,5651
5542,217
5542,580
5542,5548
5542,5540
5838,5837
5838,4866
5838,4613
5901,4315
5901,5911
5901,3768
5901,5900
5401,5392
5401,5393
5401,5415
5401,5430
5401,5397
5401,5429
5712,5694
5712,5698
5712,5711
5995,5034
5995,5987
5995,5988
5995,4942
3185,119
3185,3186
3185,3101
3755,3839
3755,3913
3755,3793
3755,3682
3755,4386
3809,3689
3809,3861
3809,5898
3809,3967
3809,4306
3809,3716
4895,5985
4895,3093
4541,935
4541,5934
4541,3484
4541,4540
4641,4785
4641,4549
4925,618
4925,4905
4925,4926
4925,4740
4925,4741
5071,5124
5071,5121
5071,5120
5071,5814
3174,3643
3174,3173
3500,3498
3671,3322
3671,3201
3671,3202
3671,3203
3671,3204
3671,3669
3671,780
4349,3865
4349,3690
4349,3743
5963,4802
5963,5844
5416,5804
5416,5435
5416,5403
5416,5414
5416,5392
5490,5488
5490,5465
5490,5447
5490,5441
5731,5729
5731,5735
5731,5732
5800,3782
5800,4095
5800,3750
5800,3751
4306,3809
4306,5898
4306,5899
4306,3967
4857,4856
4857,4861
4857,4859
5638,1637
5638,3213
5638,5891
5638,5566
5984,4700
5984,4704
5984,5714
242,243
242,4423
242,4402
242,4403
242,3344
242,3346
242,39
242,2318
926,3644
926,2136
926,4944
3518,3514
3518,3519
3518,633
3951,3737
3951,5894
3951,4298
3951,3806
32,2247
32,5880
32,236
32,239
32,2246
32,454
32,514
32,1111
32,4713
32,4715
4581,4576
4581,6010
4581,4580
1916,224
1916,5949
1916,4860
4401,4400
4401,4387
4401,4402
4401,4422
4401,4423
4575,4572
4575,6009
4924,4912
4924,5342
4924,4757
4924,4920
4924,4923
154,530
154,4873
154,4744
154,4747
154,5467
154,207
154,1326
154,4669
1499,123
1499,3128
1499,398
1499,276
1659,162
1659,1689
1659,410
1659,5551
1849,606
1849,609
1849,125
1849,604
5447,5490
5447,5465
5447,5457
5447,5441
5893,5892
5893,218
5893,5566
5893,5628
5981,259
5981,5980
5981,196
243,2353
243,993
243,4422
243,4423
243,242
243,39
3041,4491
3041,4496
3205,217
3205,565
3205,3206
3205,123
3205,816
5688,5669
5688,5685
149,1183
149,6005
149,713
149,5851
149,6002
2136,4944
2136,926
5729,5733
5729,5731
5628,5893
5628,5547
3602,5283
3602,3604
3602,5288
3602,5291
4737,4734
4737,3678
4737,1368
5050,5072
5050,5828
5050,5266
5050,5044
5050,5113
5050,5261
5173,5168
5959,5961
5959,635
649,234
649,2267
649,35
3189,4660
3189,61
3189,3190
3189,5531
3215,588
3215,1714
3215,163
3215,3216
3215,36
3635,3633
3635,4532
3635,933
4442,3690
4442,4443
4442,3711
4707,4710
4707,5717
4707,4465
4707,5713
4707,1201
4707,724
4707,1217
4707,4461
5373,5372
5373,5345
5373,5344
651,3722
651,2348
651,3827
651,39
651,70
651,2305
816,217
816,3205
816,123
816,26
3706,3694
3706,3748
3706,4455
3706,3719
3706,4022
3706,653
3706,320
4420,3719
4420,3747
4420,4018
4420,4421
4420,459
4420,2343
5921,5875
5921,5897
583,5551
583,410
583,5048
583,5074
583,580
583,1629
3136,3646
3136,3641
3136,3643
3476,2185
3476,4898
5102,5101
5102,5103
5102,5099
3689,3742
3689,3697
3689,3812
3689,3716
3689,3809
3689,3861
3689,3859
3689,4395
5003,5002
5003,4572
5003,4999
5065,5103
5065,5164
5065,5275
5065,5096
3318,61
3318,120
3318,4643
3318,3317
3990,3765
3990,3684
3990,3699
5372,5782
5372,5379
5372,5373
5372,5344
603,1825
603,604
603,872
603,66
603,1819
1260,3507
4984,4931
4984,4985
4984,4973
4984,4968
5276,5263
5276,5813
5276,5058
5276,4888
5276,4889
5276,5117
5276,1613
2231,235
2231,314
2231,69
2231,451
4658,4662
4658,4659
4658,4660
4658,5743
4658,5744
4784,4546
4784,4636
5271,5270
5271,5062
5271,5045
5271,5201
5271,5208
5346,5344
5346,5352
5346,3849
5394,4921
5394,4922
5394,5391
5394,5413
5394,5389
5394,5438
38,2277
38,238
38,319
38,971
38,28
38,234
38,3259
38,5969
38,5970
38,5971
872,873
872,606
872,604
872,1825
872,603
4997,5296
4997,5291
4997,5002
4997,4993
5227,5235
5227,5273
5227,5042
4710,5714
4710,5717
4710,4707
4710,4461
6000,4940
6000,5986
6000,6001
6000,4663
127,430
127,1921
127,172
127,1987
127,224
127,1919
127,4569
127,5837
223,168
223,614
223,896
223,126
223,608
223,879
223,3234
610,1878
610,3097
610,168
610,3233
610,47
5099,5100
5099,5102
5099,5257
4739,4738
4739,171
4824,441
4824,3083
4824,2099
5741,5728
5741,5743
5741,5742
5882,5881
5882,5885
5882,5880
5882,58
912,228
912,3172
3258,3257
3258,453
3258,3259
3258,5964
3793,4388
3793,3682
3793,3913
3793,3755
3864,3718
3864,4444
4922,4918
4922,4272
4922,4754
4922,5391
4922,5394
4922,4921
5120,5121
5120,5274
5120,5071
5648,5535
5648,5608
5648,5649
5648,5541
3610,3612
3610,5296
3610,3609
5805,4755
5805,4394
5805,5806
5805,5803
6,13
6,206
6,4675
6,4732
6,751
6,46
6,62
6,202
1842,608
1842,879
1842,291
1842,878
3687,4452
3687,4453
3687,3743
3687,4371
3687,3698
3687,4410
3687,3969
3687,4408
4519,2161
4519,4517
4519,4518
5397,5412
5397,5392
5397,5401
5397,5429
5397,5395
5397,5423
425,896
425,4568
425,126
3697,3717
3697,4321
3697,3971
3697,3742
3697,3689
3697,4392
3697,4393
3697,4394
4937,5870
4937,5872
4937,4936
5091,5092
5091,5094
5091,37
5091,5243
5091,416
5091,5240
5091,5216
2127,131
5391,4922
5391,4272
5391,5803
5391,5804
5391,5413
5391,5398
5391,5394
5534,5539
5534,5554
5534,5582
5534,26
5534,3677
5534,3201
5239,5240
5239,5272
5239,5835
5239,5061
5270,5042
5270,5271
5270,5208
34,119
34,3186
34,231
34,3101
34,3102
4583,4586
4583,4589
4583,3658
4583,4857
4802,4804
4802,5963
4853,4851
4853,222
4853,4865
55,320
55,316
55,459
55,986
55,183
55,314
55,3262
398,1499
398,3128
398,5261
398,4908
398,276
3921,4407
3921,4235
3921,3795
5897,5875
5897,5921
5897,5911
5897,5904
5897,4315
850,289
850,878
850,291
850,48
3795,3728
3795,3921
3795,4407
3795,3919
3795,4426
3795,4428
3714,3688
3714,4426
3714,4428
3714,4429
3714,4202
3714,4404
3714,3783
4659,4663
4659,3194
4659,4869
4659,6001
4659,4668
4659,4658
4929,4905
4929,4930
4929,4927
5251,587
5251,5170
5251,5171
5251,5043
207,154
207,1326
207,4747
207,1348
207,5451
207,5459
207,120
207,61
756,62
756,4671
756,5006
756,1314
756,5039
845,287
845,5552
845,3334
3172,912
3172,3171
5684,5685
5684,5661
5684,5682
5684,5664
953,454
953,3099
953,3083
953,441
3666,780
3666,3669
3666,4644
3666,384
3666,271
3674,3678
3674,3675
3674,3672
3674,1368
5214,5061
5214,5217
5214,5213
5214,5083
608,607
608,3234
608,223
608,1842
608,879
608,878
2084,630
2084,2091
2084,4982
2084,440
2084,3657
4568,425
4568,4567
4568,4569
4568,126
4778,856
4778,5822
220,294
220,1766
220,164
220,1760
220,124
298,166
298,4864
298,4865
298,1832
298,874
384,271
384,4671
384,3666
384,4644
384,156
384,1336
384,5006
520,1252
520,4699
520,1245
520,1233
4671,4673
4671,271
4671,384
4671,5006
4671,756
4966,4954
4966,4962
5398,5391
5398,5414
5398,5804
5398,5392
5398,5413
5398,5389
856,1782
856,1807
856,4778
856,1770
3236,3238
3236,609
3236,222
3236,1852
3716,3859
3716,3689
3716,3809
3716,3967
3716,3737
3716,4432
3716,3735
3716,5390
4410,3687
4410,3743
4410,4412
4410,4411
4410,3698
3519,3518
3519,5847
3519,5845
3519,5846
3519,920
3745,4384
3745,3749
3745,3691
3745,652
3745,2335
4713,4715
4713,5716
4713,32
4713,1111
4713,4479
4713,5713
5431,5393
5431,5405
5930,3727
5930,5931
5930,5928
874,166
874,298
874,5976
874,221
874,1799
1766,5823
1766,164
1766,220
1766,294
3685,3701
3685,5928
3685,5929
3685,3771
3685,3721
4704,5984
4704,5714
4704,721
4704,4461
4704,3181
4994,5288
4994,4995
4994,4568
5925,5924
5925,3684
5969,5971
5969,38
5969,234
629,920
629,5845
629,5961
863,420
863,865
863,221
863,5063
4407,4406
4407,3921
4407,4235
4407,3795
4407,3728
4598,4980
4598,4600
4912,3849
4912,5345
4912,5342
4912,4924
4912,4911
160,4891
160,854
160,293
160,283
160,832
160,3168
604,606
604,872
604,1849
604,125
604,66
604,603
3645,3478
3645,3646
4451,3711
4451,4443
4451,3699
4451,4450
3829,3774
3829,3722
4469,515
4469,4460
4469,5713
4469,4700
4567,3245
4567,4568
5288,3602
5288,5975
5288,5291
5288,4994
5288,4995
5288,425
5288,896
163,47
163,289
163,1714
163,588
163,851
163,3215
202,13
202,6
202,751
202,151
202,5733
202,5735
202,5736
222,1832
222,4853
222,4865
222,3236
222,3238
222,606
222,1852
222,873
222,5978
430,3245
430,172
430,127
430,1921
5923,3812
5923,5904
5923,3768
5923,5898
4834,156
4834,5997
4834,5992
5895,5899
5895,3967
5895,3866
5895,5894
5895,5877
5895,3737
363,1251
363,3188
363,35
363,119
2353,2348
2353,993
2353,243
2353,39
3248,1968
3248,4928
3248,68
3248,3247
3346,242
3346,3344
3346,4396
3346,3345
507,5858
507,5856
2343,3719
2343,4420
2343,459
2343,986
5502,208
5502,5443
5502,5503
5502,5445
5502,5451
3643,3136
3643,3644
3643,3174
5267,5266
5267,569
5267,3134
5267,5113
5535,5608
5535,5546
5535,5617
5535,5648
5535,5649
618,3339
618,4925
618,4740
3756,4405
3756,4719
3756,4415
3756,3754
3756,4141
3756,3782
5072,5828
5072,5050
5072,5261
5344,5372
5344,5373
5344,5781
5344,5782
5344,5352
5344,5345
5344,5346
4799,4798
4799,4593
416,290
416,3231
416,3232
416,1729
416,5232
3682,3755
3682,3793
3682,4388
3682,4389
3682,3728
3682,3688
3682,4386
3682,4387
4419,4421
4419,3771
4419,459
4460,512
4460,118
4460,58
4460,514
4460,4717
4460,5713
4460,5716
4460,728
4460,515
4460,4469
4636,4784
4636,4785
4985,4976
4985,4984
5608,5535
5608,5648
5924,5925
5924,3684
156,1336
156,384
156,4644
156,4837
156,4832
156,4834
156,5987
156,5997
319,971
319,3712
319,3347
319,3694
319,28
319,3265
319,38
2318,39
2318,242
2318,975
4505,516
4505,948
4505,4506
4505,1220
5244,5093
5244,5245
5244,5243
5244,5092
5795,297
5795,5794
5795,605
516,1220
516,4505
516,5867
516,5868
3083,953
3083,3099
3083,4384
3083,652
3083,4604
3083,4605
3083,441
3083,4824
3249,4983
3249,3250
3249,440
3249,2091
4426,3728
4426,3795
4426,4428
4426,3688
4426,3714
5898,3861
5898,5923
5898,3812
5898,5899
5898,3768
5898,3809
5898,4306
297,125
297,886
297,5794
297,605
297,5795
297,164
4860,1916
4860,5947
4860,4861
4860,4856
5144,580
5144,5074
5144,5055
5144,5810
5193,5248
5193,5215
5193,5194
5193,5082
653,3266
653,3694
653,3706
653,320
653,28
653,2309
4479,5713
4479,4713
4479,4465
4700,515
4700,4469
4700,5714
4700,5984
5564,5650
5564,5889
5564,5542
5564,5623
5548,5621
5548,5542
5548,5623
5548,5540
5548,5591
5552,3334
5552,845
5552,3333
5552,287
5552,36
5552,218
5552,5892
5823,5822
5823,5821
5823,1766
5823,294
7,905
7,3052
7,4563
7,3093
7,3094
7,5668
7,5677
7,5705
7,5709
7,16
7,300
1729,416
1729,3232
1729,5049
1729,5232
3128,3127
3128,5260
3128,5261
3128,398
3128,123
3128,1499
4321,4411
4321,3971
4321,3697
4321,3717
271,3198
271,3672
271,780
271,3666
271,384
271,4671
271,4673
878,607
878,608
878,1842
878,291
878,850
878,289
3168,4888
3168,4889
3168,160
3168,832
3168,280
3168,3167
3247,3248
3247,68
3247,3246
5154,5121
5154,5123
3672,1368
3672,3674
3672,780
3672,271
3672,3198
4389,4388
4389,4233
4389,3682
4578,4576
4578,4580
4578,3660
5082,5193
5082,5194
5082,5192
5082,5830
4820,4822
4820,4491
5866,5865
5866,5863
5866,5862
5866,5859
5943,5942
5943,4560
5943,741
565,217
565,5810
565,1550
565,3207
565,3205
565,3206
3859,4395
3859,3689
3859,3716
3859,4299
3859,3735
4298,3737
4298,3951
4298,3806
4298,4433
4532,3634
4532,4534
4532,4535
4532,3635
5345,5344
5345,5373
5345,5355
5345,5342
5345,4912
5345,3849
5345,5352
5661,5669
5661,5685
5661,5695
5661,5694
5661,5711
5661,5684
5661,5682
5951,4553
5951,4730
5951,4782
26,5534
26,5582
26,816
26,217
26,5540
26,274
26,123
26,394
26,3201
26,3202
26,3203
26,3204
3634,3638
3634,4532
3634,3633
4856,4860
4856,4857
4856,4858
4868,5986
4868,530
4868,4870
4868,4669
4868,4873
4868,3194
4868,4869
3347,3712
3347,4035
3347,3694
3347,319
4506,4505
4506,948
4506,5938
5803,4754
5803,4755
5803,5805
5803,5804
5803,5391
5803,4272
5986,5988
5986,5987
5986,5992
5986,5996
5986,4868
5986,4870
5986,3194
5986,6000
5986,6001
123,26
123,816
123,3127
123,3128
123,3205
123,3206
123,276
123,1499
123,1457
123,394
123,1459
123,1460
123,1464
123,1462
123,4606
123,4607
131,2127
131,2126
131,4809
131,4810
131,5859
131,5865
131,716
293,854
293,1759
293,1764
293,294
293,283
293,160
1529,3167
1529,280
1529,818
1529,214
886,125
886,1872
886,426
886,1884
886,5794
886,297
4580,4576
4580,4581
4580,4578
5843,5844
5843,4592
5843,5961
5846,3519
5846,3513
5846,4804
5846,5845
4928,4927
4928,4930
4928,617
4928,1968
4928,3248
5569,5889
5569,5570
5569,5551
5569,5650
5668,7
5668,3094
5668,5705
5947,4782
5947,5942
5947,4860
5947,4861
214,3134
214,3165
214,3166
214,1529
214,818
214,3167
214,1508
214,5450
214,5442
3098,4738
3098,171
3098,3097
3201,3677
3201,26
3201,5534
3201,3202
3201,3322
3201,3671
4540,4541
4540,4789
5213,5214
5213,5833
5213,5831
5213,5083
5430,5401
5430,5393
5716,4460
5716,4715
5716,4717
5716,4713
5716,5713
5992,5987
5992,5997
5992,4837
5992,4834
5992,4832
5992,531
5992,5986
5992,5996
599,5180
599,1781
599,854
599,4891
599,5058
3484,4541
3484,5871
3484,2207
3866,5899
3866,3768
3866,5877
3866,5895
4572,3247
4572,3248
4572,5003
4572,4575
4572,6009
4572,6010
4572,6011
4572,4576
3707,3754
3707,3727
3707,4164
3707,3701
3707,3837
3707,4424
3707,4425
3761,5390
3761,3806
3761,4433
3761,4292
3761,5405
4413,4412
4413,3711
4413,4438
4413,3742
4413,3971
4413,4411
5141,5140
5141,5811
5735,5733
5735,202
5735,5736
5735,5731
5872,5871
5872,5870
5872,4937
5872,2207
118,58
118,4460
118,512
118,259
530,531
530,4870
530,1335
530,4744
530,154
530,4868
530,4873
2023,624
2023,175
2023,907
3190,3189
3190,61
3190,3317
3190,5522
3190,5531
3190,5532
4589,4591
4589,1159
4589,4583
4589,4586
4837,156
4837,5997
4837,4649
4837,531
4837,269
4837,1365
4837,5992
5833,5217
5833,5213
5854,5856
5854,5853
4715,514
4715,4717
4715,32
4715,4713
4715,5716
4959,511
4959,4960
5451,4610
5451,208
5451,5502
5451,5459
5451,5445
5451,4747
5451,207
5617,5546
5617,5565
5617,5535
5093,37
5093,5246
5093,5244
5093,5092
633,919
633,3518
633,920
652,3083
652,4384
652,3745
652,2335
652,456
652,4605
3737,3716
3737,3967
3737,5895
3737,4298
3737,3951
3737,5894
3737,4432
3737,4433
4440,4439
4440,3699
4440,4441
4440,3742
4785,4636
4785,4641
1111,4713
1111,32
1111,2246
3806,4298
3806,4433
3806,3951
3806,4297
3806,3761
3806,4292
4562,4564
4562,4563
4562,4549
4562,4551
4600,4598
4600,4980
4600,4601
4600,4798
5164,5065
1177,6004
1177,6002
1177,6013
1177,508
3642,3641
3642,3640
3642,3637
4606,1457
4606,123
4606,1459
4606,159
4978,4976
4978,4979
4978,4980
854,599
854,1759
854,293
854,160
854,4891
5062,5042
5062,5063
5062,5089
5062,5268
5062,5271
5198,5208
5198,5199
5894,5895
5894,3737
5894,5877
5894,3951
5896,3684
5896,5873
16,3052
16,7
16,612
16,1872
16,300
16,125
1220,516
1220,4505
1220,5868
3233,610
3233,168
3233,3234
3233,47
3233,607
5794,886
5794,5796
5794,426
5794,5795
5794,297
5268,5062
5268,5089
5268,5269
5268,5045
5404,5806
5404,3805
5404,5435
2161,4899
2161,4519
3262,3264
3262,55
3262,314
3262,235
4810,2126
4810,4809
4810,131
4911,3849
4911,4912
4911,4923
