7422
8611
7240
8509
8915
683
7105
7215
7552
8540
8906
6759
2907
5334
5590
7569
9029
450
1546
502
1924
2759
7045
7234
7913
8934
117
1086
2051
8211
8324
9044
635
5508
6557
8068
3495
7595
7762
8631
109
3570
5309
5320
5879
7474
8088
8797
488
6617
7048
7241
7431
7567
8577
9071
6504
6630
8075
8095
3488
5318
6618
7777
8314
5469
356
430
1533
2228
5528
88
5300
8774
8853
355
8879
3199
3950
8653
8855
9037
326
1542
1814
2242
6659
7826
18
1936
6735
1123
8308
151
174
177
6623
7566
173
240
323
1835
8994
508
968
7172
7721
8608
2776
5326
6615
7670
8304
984
5610
5797
7410
8333
2210
3477
7044
5327
5591
6658
7471
7774
8094
8648
461
5220
8654
110
911
2757
5284
5550
8171
8792
8823
107
179
1826
3599
5301
7822
5464
3456
5218
7531
114
7317
7782
7855
8858
1773
2373
7268
7469
8644
248
735
1535
1565
5771
7486
7985
146
5340
7412
8868
1044
1937
5363
6794
7814
7821
980
1144
5518
5814
6793
7867
206
241
965
1583
3532
5285
7293
8990
690
8609
8888
333
1550
7532
2781
49
340
4463
5704
6753
7311
7591
8072
8918
722
3459
7303
7398
7458
176
314
7113
7615
8076
9042
9053
9056
7237
7820
1973
5286
7339
7658
8082
8315
8668
1775
7501
8097
8649
624
3600
5465
7919
7925
8575
6550
7485
7553
7679
8786
1545
7227
7243
8685
6723
7509
7557
7776
8087
8778
8988
9032
1023
3535
5236
5243
7024
7168
8212
84
453
896
1191
2780
5510
5519
7772
1141
1783
4453
5328
6567
7876
334
2163
7350
7576
8892
234
586
1938
7490
9030
7954
8042
8946
1549
2170
7265
7847
7908
8077
8319
8578
8650
908
5538
8154
357
904
7457
7537
1532
1955
5549
6368
7976
108
351
905
2912
5319
7503
7816
898
7409
8660
83
5303
7425
7781
8684
8818
8949
316
7184
7271
7421
8538
8632
358
3955
5221
5366
7100
7554
1033
2498
5706
6503
331
1989
3574
5362
7606
8303
8317
8344
1582
3056
5589
7484
7730
8600
3591
5223
7341
8502
8919
9008
6665
7470
8055
8656
197
8167
8643
8641
910
1566
5799
7077
7211
74
7399
720
1045
7473
7650
8505
1824
5342
6791
7568
7741
442
3546
5329
6668
7601
8630
8997
9043
7811
8176
8349
33
571
2057
2185
5802
8040
1537
5315
7805
7844
8296
94
5234
7863
8647
897
7865
8995
1206
5304
7052
8558
8837
447
7062
7312
8580
8902
8945
212
587
5250
5529
68
370
885
7492
8646
1043
2169
3479
5313
8804
3475
5251
5493
7466
322
5539
6571
7629
7739
8152
2171
2290
8307
8515
8998
739
1541
3472
5358
7213
7918
8302
8398
8680
9068
185
3529
6583
8335
7660
8655
1017
2375
7633
1540
3949
5506
6657
7278
7819
232
2777
5364
6621
7233
188
7737
8567
654
7094
7462
7640
7779
8078
8295
136
891
3872
5344
7674
160
1562
6660
7511
8893
19
638
5235
7134
7786
8408
660
2763
7212
9
480
1764
2305
2806
7051
7815
8309
9060
2969
8621
8907
460
1574
5241
5308
5512
6616
656
1564
5312
8084
3509
6626
7272
7430
7850
434
5256
5707
600
5322
7586
1588
7300
7673
8659
192
1551
1578
7053
7543
7775
8168
25
143
5348
7423
7609
8568
8652
208
591
925
1978
2189
3506
5592
8065
8663
8772
2244
5311
5321
6371
7057
7513
584
3507
5278
5499
7506
7547
8085
8576
138
249
907
3953
7407
8044
8908
204
1828
2457
5345
5498
5709
8026
452
724
7451
7521
8775
5689
7524
9088
1809
7190
902
2483
8618
8856
9031
588
7677
7783
7841
8564
8996
5349
7070
7428
7624
8626
947
1838
7574
8164
8999
966
5305
7137
7408
8015
8821
309
6516
7578
7837
8320
46
85
313
7207
7899
7943
8083
8779
69
1856
7580
956
5279
7095
7424
7906
7936
8617
3584
5242
7515
7706
2188
2296
5801
7678
8028
8334
8665
320
330
1547
7050
7952
3590
7185
8744
449
1046
5359
6579
7381
7784
7823
8151
1789
5776
7548
7577
7549
350
1858
7538
8627
2916
7049
7186
7785
8498
8569
6761
7093
7608
8594
7260
7717
7928
7962
8640
1581
3956
7614
8091
8313
3
590
5352
7522
1859
8099
8224
1552
1810
3476
3497
7059
1763
2802
6639
7593
7813
45
2331
6577
8064
243
5306
7347
7273
8499
6611
8153
8342
2052
7589
5
2445
3448
7752
8938
9039
572
629
1811
2284
2897
7464
7565
8070
8409
7472
7761
1536
5302
7038
7499
7563
8343
1975
2155
5314
6679
353
711
1563
9086
719
5552
7056
7262
7097
7825
7831
8513
8572
2910
5769
7671
3815
5338
7541
7852
7726
35
6551
7301
7745
7902
339
6696
7309
7497
152
260
271
319
903
2326
6709
7750
609
5517
7025
7857
496
1539
6635
7054
8507
8518
242
730
2161
8570
186
246
2002
3458
6633
8857
6
1575
3616
5666
5746
5783
8624
8981
5611
7420
7523
8071
8089
8215
8773
8980
8993
5509
7763
8326
721
1816
7626
2485
5254
6546
7405
7663
8905
752
1979
2482
5367
5553
7719
8014
8504
7832
20
39
16
2754
6661
7021
7504
7528
7047
7599
1124
1167
2344
7465
7703
183
2412
5365
6378
705
716
5502
5593
6792
8080
1874
3566
5784
7616
8066
321
6576
6620
7297
8574
27
5745
7654
8777
8316
373
2974
5548
7267
7600
7688
247
7063
7914
481
7932
8814
1146
5240
5307
1849
7270
9072
147
431
5800
7491
8179
26
1039
2226
5537
7321
8926
920
5536
7529
8098
8563
471
7999
5546
6671
3603
6699
7291
8081
8612
8745
137
1140
1825
1827
5468
7480
7723
4
3629
5500
5588
7149
7400
8714
92
2896
6654
470
1032
1871
6585
6754
2313
2462
7680
7839
5516
8155
347
2356
5287
7264
7817
8093
8497
280
1840
5770
7261
7066
7210
7986
324
1579
5513
7482
7846
7890
2314
5255
8776
3030
3098
6629
7630
8096
1832
7476
7516
7795
8816
38
184
7467
7488
942
1800
2153
8673
8796
954
5276
7701
7966
8877
8878
1962
5503
5778
65
3508
5857
7263
7835
8940
63
6370
6512
7214
7505
32
5277
7290
7483
7517
8642
7304
7411
8571
7305
73
279
8086
1863
3481
5738
7938
8825
9045
3058
5817
7434
7477
8321
8566
8770
3474
3601
5496
7489
8074
3490
8301
8310
48
1558
3502
7758
2053
6764
7519
913
5335
949
6627
6648
6760
7397
8845
594
608
666
3504
6765
8992
909
5257
6641
7527
7824
8519
8771
661
7201
7590
7924
7965
743
7266
7433
8092
8622
8645
360
927
2472
602
6505
7023
8208
8815
266
761
3315
7152
7189
66
307
977
1207
2026
2360
5339
7187
599
728
1586
7478
7558
7780
135
439
7334
7838
7843
2167
7036
7564
8090
8535
8651
3861
6762
7445
8364
8511
435
634
932
2286
2308
5323
2190
5492
7621
8678
1559
7619
8565
8713
9004
