5046
6807
7343
8661
317
1369
1467
3820
6683
6880
6980
7972
742
1384
2033
3779
8251
8817
4991
5361
6590
7757
3699
3737
3785
3787
8370
7819
555
1464
4140
6741
7502
1545
5319
6886
7207
7925
8202
8358
9005
1082
1409
4167
6608
7136
3935
4961
5047
6650
6994
8561
3656
6779
7231
8362
6964
1911
3951
6431
6714
7233
7557
8090
751
1350
4219
6889
8232
8801
8973
123
523
7525
7939
9021
527
4373
8126
9018
1619
7208
8062
1218
4943
6961
8216
1437
7367
8289
6092
6676
8030
7574
7758
8096
8816
95
1212
1386
6653
1743
7930
8026
8231
8544
538
747
3808
3859
1837
6717
8576
8111
7659
8116
1077
1836
3781
7801
1293
1435
7752
8551
743
5036
8144
541
5234
7288
8068
5208
5221
5320
6432
1724
3743
3765
5121
8022
8061
9026
7228
8063
1453
1546
4322
7224
2183
4385
7556
746
976
1447
2011
6660
3672
4271
4994
6143
7312
8834
8918
133
1642
8311
8812
7501
1093
2191
8292
4940
8489
1176
1972
8081
8639
4417
6672
8784
1163
3700
7811
8065
7534
8217
8312
9025
1159
1356
1387
7229
1402
1432
4163
7788
3690
6589
6763
6829
1650
6834
7519
7598
8794
1158
1819
4156
6723
8925
1230
1405
3675
7379
9015
66
4232
7382
8828
4863
7931
1465
6848
7717
8303
2059
4993
8810
8831
556
1978
4957
8167
6699
6813
7879
7935
529
1974
5286
6625
8112
9023
5030
5371
7542
8988
8989
1893
3942
7750
7810
6617
6795
8964
1891
4970
5370
6616
7849
8031
8200
8805
1630
1672
6583
7790
1696
7754
8021
8253
8541
1898
3767
4051
7481
8546
8806
6802
6955
7362
7878
1046
1993
3904
4215
8840
1248
2193
8201
1652
6695
8963
9001
739
1162
543
1547
5284
8849
8957
1719
3933
7821
8798
1287
3926
5341
3944
4946
5218
7286
8912
303
1714
5032
6476
8519
8915
1354
1636
1981
8300
7822
8833
8913
1253
1542
1698
5570
1250
2115
7474
6755
6887
8591
1290
1444
5358
6679
1818
3802
3938
8917
8166
8662
1446
3782
6681
6815
1436
3999
4962
7911
4956
3662
7818
8547
8531
528
1455
7596
7682
7475
7518
8220
8802
4293
4945
6682
7200
1788
7266
7473
6766
8255
8286
1807
5222
6673
6745
8664
60
4305
7543
8109
240
6884
8165
8670
5359
6954
7558
8770
1247
1643
1997
4164
8811
8654
1572
4056
4220
8588
522
542
6985
1895
8285
8809
8082
2015
3748
5067
6790
8667
1209
5035
6619
7863
4057
4932
4934
8225
1226
1635
1727
3653
8254
8808
8869
6698
7176
4843
6812
8123
8830
7217
106
524
2005
5105
8234
8965
516
6993
8791
8807
1213
1459
8659
8984
7549
8797
8967
1540
1975
2068
7479
3786
6592
8233
2020
6091
8364
4963
6957
7037
8777
6783
7517
8043
8969
8966
5335
5517
7789
8066
6811
7971
8048
8523
1461
3739
4168
6635
8657
4967
6715
6724
6805
197
558
736
4228
8147
8587
1803
4882
7292
7762
8490
8542
2192
4964
6626
6803
221
1482
4391
8222
8250
9000
1599
2182
7212
7216
7380
7825
1289
4048
4118
6659
8069
8494
8852
8600
7773
7820
750
4054
8020
9004
8075
157
1457
7209
7342
3950
5277
6641
7210
8956
5068
8290
7287
8663
1723
2087
3834
6992
7777
8771
8827
5038
6746
7206
7631
1794
1983
6814
8513
4195
6668
8100
1235
1425
1906
3734
8224
7201
2030
3997
6665
7165
7222
7963
8999
212
3659
6618
6761
1458
1854
5367
8345
8653
1976
6956
6981
7590
4184
6816
7927
8911
1541
6615
7946
537
1573
5225
1859
4310
5360
8001
1576
5215
8284
3932
6794
1938
5231
8028
4139
7193
7555
7791
1606
1835
3740
4019
7856
7914
8800
8825
7991
8789
1571
3943
5210
6958
7192
8363
8607
8958
526
755
1314
1454
4179
9028
4474
5044
6774
7516
5245
7061
7548
8357
1313
4113
4138
4194
8823
1092
1296
6798
8851
3658
6806
8658
8070
1683
6728
7575
7998
1725
7774
535
3973
7311
8799
517
1085
7313
8778
8792
8981
9002
4952
4999
6982
7310
1787
5357
6674
8968
1992
8083
8143
5041
6594
6808
3745
7205
6669
7561
8846
8924
505
1160
3945
6620
1083
8589
8855
152
8991
67
5226
7198
6841
8609
8887
3991
4182
6094
6667
4371
6623
2082
3766
7812
8553
515
1733
1971
1998
8690
8779
1554
3961
7381
8534
1768
4987
7715
8594
5220
6423
6960
7001
1460
6898
7219
8677
4429
5362
6796
6996
1078
6705
3990
8526
5241
5170
6740
1648
4119
4175
4958
7566
7716
8602
3693
3941
3995
6797
8114
242
2185
5219
7956
2184
5340
6707
8359
8914
1433
5037
6756
8149
6962
8209
3780
3789
4933
6664
8776
8916
1713
3654
8039
8092
8472
1094
3694
3778
8036
2000
6591
8124
8592
6089
6899
8252
8492
3970
8820
8985
8804
1921
7855
8499
8550
1730
6793
8064
9027
754
4944
8669
8972
7997
8101
1958
6716
6801
7533
4201
4937
8307
1539
5209
8527
4968
7194
8491
1426
5228
1263
4992
6800
8781
7581
8574
1084
1651
1806
6760
8979
1578
4998
7751
8970
8310
1211
7199
7848
8080
7860
544
1177
1210
3992
2136
5242
6758
8829
340
5002
8366
9013
525
1999
7776
8203
8668
1414
4171
5344
7671
1802
3661
6764
7359
8638
4939
4969
6742
6938
1462
4191
8530
8974
4938
7755
3671
4011
5253
7187
7520
8205
8212
9020
1245
3768
3824
4044
8604
8774
1822
5345
6666
6671
1621
5111
5230
8002
8835
2190
3674
4000
6452
6959
7760
8228
1493
1821
4043
6706
1449
2084
7211
1418
3924
7351
8782
818
5217
8585
6614
6622
7204
7541
1229
1841
3667
5365
7968
8990
8573
5058
5236
6726
8230
3783
4304
8631
1175
1892
4218
7350
3896
4162
5207
8577
4010
6649
521
5268
6697
6718
1441
5031
3958
6799
7503
8098
7389
8287
8601
8826
6451
6587
7683
500
4923
6765
8998
4931
6700
8832
536
1399
1899
2007
1473
5237
8959
8977
8961
3940
3969
8263
8666
6865
5214
6953
8606
8971
1640
7772
8023
8361
1208
7186
8775
4955
8672
9024
3934
4200
7241
8593
4303
5256
6777
3784
5000
6825
4183
5457
7240
8235
257
559
1731
3939
8986
1373
6670
6713
8787
8821
1736
3695
6581
7029
4243
5573
7499
1421
1685
5001
8047
7348
7477
7957
8671
1799
1926
5211
6759
1442
5356
1174
1391
1644
3996
8919
1728
1896
3698
4052
1742
4988
7970
1894
6792
8773
1984
7004
7759
8223
8962
1726
3989
4951
5216
5028
5049
6791
7933
1161
1801
3655
3777
8118
7684
8848
301
3814
4170
5043
5029
7756
8655
1722
4272
7195
8113
8803
1074
1079
6757
8107
6831
7969
8127
