1826
549
1706
2627
2650
2774
759
1290
2534
2656
2873
414
2466
2676
2691
1372
1933
3044
302
403
1276
2646
180
268
1303
3072
782
1090
1923
2052
2157
2567
3035
992
1838
2885
226
2750
2604
2944
362
1877
1928
47
139
1674
2821
3071
90
430
2718
103
2042
3048
1174
2569
2781
2834
3028
3066
305
424
514
1428
1883
2866
251
358
1922
1978
821
2652
285
2791
324
578
1432
157
2731
3085
693
550
1938
2615
3164
9
765
775
2231
2587
2713
3080
1733
1888
1960
2020
2245
169
288
376
2990
3128
3156
498
800
1620
2840
3172
880
213
2057
3041
626
2678
2969
3099
119
366
522
944
2024
2738
1664
2564
2860
3061
368
2641
479
778
1425
2765
3169
854
104
147
2286
2784
3051
2773
2783
318
1173
1256
116
1068
2947
1320
1936
2067
2687
2737
54
2275
2945
525
1705
2573
2726
2745
3030
197
1107
1968
2878
2925
1908
2581
2787
802
1235
1823
2040
359
2724
2733
2856
3076
205
506
948
10
16
423
803
1812
1397
1668
857
1994
449
1278
1831
2680
209
2572
2741
521
2135
2563
2598
790
959
1989
2633
2810
3129
2805
496
1619
1929
2285
2648
2725
2747
121
2022
2043
2812
3056
93
184
527
2837
74
520
531
1904
118
258
384
951
2642
35
214
349
2283
2941
42
887
1291
1608
2825
3152
507
186
2636
2712
3052
6
1305
59
1893
82
903
2752
372
700
1478
1606
2384
2617
172
2404
3074
3168
199
924
1204
1418
1691
573
597
1194
2954
652
1902
2995
1060
1689
2647
453
936
1965
2651
3159
2287
2746
377
1122
309
370
441
933
1088
2477
2792
94
146
830
2640
3158
2054
2777
2820
1470
1748
312
371
541
896
3060
598
1314
1346
1990
2732
2751
2839
3047
891
1403
1890
1973
159
563
1011
1187
1260
106
230
439
666
774
781
1181
2644
2793
2884
338
378
443
2318
2734
73
150
561
355
681
1175
2075
2616
260
262
286
2809
2827
3045
23
532
1058
2953
141
513
3063
516
855
2308
2614
1878
1948
2695
2788
86
390
117
683
2645
538
2685
37
58
69
930
1304
2268
2664
2723
492
1709
2599
3097
89
218
740
749
2087
2649
12
57
2857
3057
53
295
383
2605
22
1987
2790
2939
3087
1682
2066
2771
2801
3031
827
3094
897
2059
2575
2961
250
2690
2786
956
2259
2968
3040
66
556
2055
2594
452
990
2634
1897
122
559
1932
3093
3001
1368
2086
2212
2304
2
444
1111
1793
2946
187
1824
2829
2876
4
232
326
2670
2714
41
84
249
592
1881
3143
1964
2872
3065
21
928
966
3118
123
136
530
668
1750
2041
2456
269
284
2819
805
850
2132
2278
2654
2808
2818
50
321
940
2638
393
769
1939
1971
220
2780
3135
109
799
1151
1681
2503
3050
188
1688
2626
2722
2804
591
804
1099
2672
80
211
582
1248
2971
17
1391
44
1371
1404
1762
3104
396
418
552
2003
48
808
1447
2109
2655
3125
32
313
3054
217
231
241
299
570
1440
609
1308
1389
2665
2698
356
464
24
120
225
280
839
2437
19
503
509
796
1374
374
955
2635
3078
63
160
2772
772
1901
2696
2767
2813
28
46
360
1087
2044
2051
426
678
761
1467
1721
2632
45
255
1840
2065
2402
2701
282
1907
2735
29
2588
2629
237
311
939
1807
1
300
332
1694
2129
2637
3082
95
265
646
1951
2131
2518
2950
445
30
1865
2023
585
2559
2779
2806
92
111
814
1627
200
2322
235
560
907
1736
2367
81
1120
2802
2807
1962
61
98
671
1035
1201
1358
1605
2288
2628
272
637
979
1476
2688
412
1257
1833
2871
198
367
1176
1903
2717
151
252
278
2520
2785
401
575
77
2315
43
409
1615
3
107
485
1468
1885
2794
2833
148
162
617
1363
2742
3154
294
1091
2269
386
2826
64
325
2692
363
792
2317
2558
190
1711
2596
2666
2694
2949
3155
653
3167
911
72
829
2716
2782
3126
317
2749
11
279
283
1172
2778
3036
3157
18
76
133
315
783
2258
2831
885
2675
3115
51
1382
1684
1780
2072
60
189
680
898
1279
3062
3140
171
730
791
1927
2814
142
2319
3174
2036
1203
1735
1082
2748
297
886
2679
820
2149
2693
55
202
490
2768
108
130
440
2631
20
392
812
973
1945
2133
26
52
535
686
3127
102
603
2669
2822
2828
2951
450
888
1277
2076
2789
97
277
544
828
3165
5
697
1918
2832
3173
145
261
545
208
1967
2453
2883
13
96
227
243
1946
2370
2942
529
2882
259
1150
1199
2639
256
518
946
3043
71
373
967
1392
2027
219
361
1625
1930
2630
3038
3161
1662
457
674
961
1306
296
327
406
1193
2653
2817
87
1400
2739
2838
2715
56
1370
2863
263
600
688
2062
2104
191
215
856
861
2677
2970
682
1333
1895
2035
2562
346
2284
2463
2525
65
975
1159
1980
2858
292
314
515
952
2940
2952
67
221
994
1820
3095
8
1423
2070
864
867
918
2764
2697
811
1471
126
1053
124
431
1443
2505
2830
3046
303
1202
3134
2855
595
905
2028
2320
2671
2727
2811
137
207
2533
2877
91
239
244
287
257
1258
2365
2862
3068
2740
2766
40
31
2711
345
1191
2728
3029
3039
15
38
68
330
481
1381
128
411
1347
1992
2686
2763
143
385
2323
2868
3153
3163
3166
34
216
400
1044
2422
354
369
523
789
1377
3096
181
1926
158
638
1931
2736
3037
3089
3149
