293
326
332
78
477
653
452
551
663
88
426
515
82
106
564
718
336
361
109
135
712
759
152
185
399
22
83
626
715
302
668
487
590
100
282
814
124
136
165
240
421
23
140
3
694
589
749
157
393
381
711
182
235
618
747
821
108
353
575
854
860
273
310
345
17
40
688
757
804
851
863
275
566
637
197
308
268
110
261
324
63
66
201
365
512
601
767
49
53
724
4
568
842
489
537
737
812
870
508
539
101
414
462
6
107
327
413
530
614
132
176
599
769
885
632
764
514
397
407
432
472
540
681
14
386
501
716
858
81
292
738
787
251
640
86
383
571
593
595
603
695
218
295
756
773
875
142
565
672
794
42
666
323
884
810
527
650
506
534
141
389
543
151
187
216
430
445
605
89
95
645
776
375
630
380
423
709
867
61
204
580
753
126
371
76
412
516
817
16
71
657
58
284
359
403
36
73
761
2
112
647
656
285
587
231
474
486
488
768
813
75
206
490
678
877
85
137
46
205
315
502
582
594
892
225
313
287
556
244
481
555
693
883
99
451
671
765
60
255
684
723
781
783
233
545
570
660
708
369
504
19
415
748
241
360
638
792
442
464
283
290
405
416
183
211
90
627
402
583
314
349
156
532
788
12
440
271
355
631
705
785
786
213
221
613
720
34
392
865
480
517
799
163
222
635
279
396
675
882
159
518
401
494
797
816
850
29
116
27
476
830
615
734
263
491
790
37
195
774
175
584
528
573
697
55
144
721
895
1
679
628
585
800
828
374
454
833
114
228
680
495
795
57
427
455
186
230
357
461
726
822
9
119
740
899
433
736
898
102
730
509
243
796
868
478
685
843
523
611
447
500
103
281
852
902
148
272
897
274
760
227
146
199
296
320
322
524
210
370
104
161
93
97
351
395
343
682
871
139
286
47
696
699
15
45
733
277
633
841
51
167
394
859
207
306
321
591
659
84
129
698
333
874
719
188
511
382
422
673
252
446
467
331
459
731
862
215
410
317
686
257
364
743
807
825
122
727
732
798
849
178
471
425
497
655
123
338
242
450
11
174
522
105
644
834
429
128
147
269
311
559
258
325
248
347
362
554
535
80
344
300
367
622
546
665
96
379
683
835
574
616
463
493
153
334
745
836
526
598
864
79
312
352
855
234
339
778
893
319
762
32
404
181
212
278
337
648
891
52
69
597
676
134
420
770
779
470
652
130
692
703
21
94
479
701
829
896
30
33
561
700
483
520
706
203
409
342
541
552
214
340
172
519
567
18
155
236
654
376
378
848
419
562
298
329
358
377
220
238
246
418
457
741
866
48
149
309
190
254
609
87
482
846
209
484
164
607
223
385
7
166
168
689
62
125
557
177
646
735
838
856
24
39
384
536
845
887
196
250
542
560
729
766
775
789
260
264
301
485
806
873
171
294
667
771
117
398
529
602
636
772
827
498
513
888
50
751
8
853
889
586
803
10
581
612
191
576
170
406
544
160
217
623
674
127
460
702
466
600
121
563
670
25
77
793
98
189
330
507
510
625
72
145
784
173
742
297
578
739
38
270
200
596
805
458
664
658
318
492
266
722
801
179
219
886
629
750
118
649
499
808
837
70
436
782
373
441
5
346
169
247
815
20
111
350
714
809
449
538
224
299
525
91
193
547
577
606
192
265
861
67
307
744
823
533
548
819
262
456
604
133
229
444
569
276
303
31
473
643
791
869
92
202
469
802
662
752
839
26
115
608
158
400
713
304
387
184
439
521
691
840
617
677
894
68
411
496
503
704
820
226
348
154
59
131
777
43
505
746
758
831
579
634
259
437
619
198
707
826
335
651
448
558
669
687
138
356
588
408
824
881
74
180
468
368
245
305
341
417
553
857
13
65
208
592
710
150
194
391
41
54
717
872
475
639
267
641
661
443
728
763
878
143
291
239
550
44
64
232
289
438
755
610
113
428
388
390
690
725
28
253
162
453
465
876
818
844
847
890
237
435
366
531
354
424
620
754
811
288
832
572
621
780
280
549
328
880
35
316
642
879
56
431
434
363
624
249
256
372
120
