2556
3449
4101
1385
2021
2406
2391
2885
3368
3398
50
767
2055
2774
3603
1464
2363
2461
1691
2077
2215
2358
2752
61
410
1102
4140
478
2237
842
2299
3071
738
1914
3458
3517
3617
3807
3966
1329
1515
2204
3540
3541
597
1508
2329
3461
2868
2932
3412
262
1262
1810
3552
160
176
280
695
1455
3920
4029
893
2185
2957
1269
2291
2762
3981
4094
115
119
411
67
608
732
838
1457
26
56
57
2479
2523
4031
453
592
3988
4044
1374
1607
2043
2979
3989
4024
375
474
2689
3108
3917
3931
4015
587
2415
2889
2886
4062
315
1412
2248
3650
4113
913
2288
3559
183
3993
780
2189
3422
3788
413
484
632
2274
113
461
791
2336
3619
4102
8
406
2226
1397
2414
2419
2422
3547
605
812
1373
2425
2480
2715
2822
3801
1335
1616
2365
3926
387
2893
4010
3894
4074
2242
2914
3078
1044
3587
3593
2250
3600
604
1404
1798
866
3433
4098
4122
222
246
618
2823
3493
3570
794
2388
2509
4092
2375
3558
4025
2311
3033
3932
393
790
2271
1387
2184
2196
2340
152
549
1383
3831
214
1250
3789
3969
735
2020
2433
2742
4187
548
1911
2341
3416
3884
4046
2373
2423
3107
3113
4059
239
2473
2493
2304
2434
3578
3992
1793
2257
2283
2447
2758
76
804
2445
1255
3436
888
1516
1702
4186
66
162
611
4084
785
2335
3973
2369
3188
73
602
1178
2275
2374
3923
109
455
2154
1396
3383
448
712
910
1371
1476
4018
4060
111
449
1157
2439
3829
164
628
2294
4145
2430
2913
2941
4142
2229
2326
3153
3852
314
1261
2990
1940
2048
2284
3111
3482
60
554
1372
3816
4148
1699
2214
2293
3589
293
1349
1411
2495
3987
4099
1238
1615
2264
215
473
2337
665
3423
3543
3982
199
491
534
2980
168
1292
2113
3408
3808
3853
3890
139
720
1094
149
718
811
3836
3893
490
2771
3477
2883
3919
4130
493
1554
2395
578
629
2073
460
4072
51
138
244
2553
3583
3421
3965
58
656
1268
2744
3430
2179
2212
2303
2591
3515
3804
4087
237
1286
1384
2827
486
1739
2251
904
2441
3028
2727
357
606
2435
266
445
547
2064
2959
19
174
204
2994
3546
3018
3551
3562
4184
661
2065
2399
3159
3391
3580
3795
4085
1609
2104
2366
2825
3728
4009
426
1956
2076
200
917
2193
2437
3591
4095
132
915
2280
3459
3859
1259
2265
135
513
905
196
609
2364
593
959
3446
3800
3824
124
252
541
3847
610
621
1969
3632
4136
93
299
496
1016
4182
2919
3556
733
1237
1475
731
3380
3025
3576
96
462
2354
2066
2962
3503
4117
185
306
1692
2438
2916
3460
104
255
741
1344
2245
3388
3526
805
882
1232
1378
3820
3882
186
482
530
276
3024
140
2896
3518
64
619
3806
2224
2372
106
1206
2217
2268
2481
3519
3851
386
1283
3152
2380
2588
3406
297
408
2324
3119
1155
1291
2484
4115
807
2258
3531
2720
3618
248
599
1910
1806
3512
2074
2385
2409
3911
146
556
2047
2219
3067
3581
38
307
323
4093
3571
3631
3915
2190
2342
2954
3594
4131
178
230
907
581
2281
2390
3434
205
292
412
3488
3839
131
2418
2933
2485
3606
688
914
1222
45
86
3912
243
1400
2295
250
802
2371
2310
4176
2343
2750
2910
3371
2254
2296
2305
1593
2924
3045
3918
3985
265
407
766
4020
4077
3068
3598
18
1208
2927
673
1433
2317
85
165
512
3977
880
2486
3403
3040
3048
916
2205
2408
1209
2368
90
3921
4026
3938
918
2452
3621
2263
2348
3846
719
925
2198
2235
2879
3885
2911
417
706
2400
1666
2139
2270
3411
188
241
468
3162
3407
3505
3651
677
1367
2297
4090
4181
3020
3394
3474
1908
2249
2253
2405
3940
286
633
1456
2436
3373
3533
476
2203
2243
49
1413
2269
2690
2951
353
1621
2314
3712
121
612
2938
129
2384
190
575
3076
3826
117
219
2442
13
1249
343
2404
2490
2290
2446
3462
535
1164
1466
32
444
2346
2389
2487
3530
3560
4056
1013
1233
1399
1797
617
828
875
277
2413
2587
1909
202
772
1418
247
1809
2041
2726
3149
141
459
2211
2355
3582
78
275
1619
1360
2144
127
624
1210
1260
1267
2209
2334
2244
2289
2412
2424
3970
89
116
533
1655
2846
1394
3827
1818
3150
3819
3978
3998
83
271
1254
195
3463
3414
107
216
2353
2218
2814
3693
3834
4058
1405
1597
1879
3844
620
1422
2221
3799
4063
1236
1584
2325
3005
3475
3154
3538
3661
601
2328
2333
118
494
2182
4005
906
2262
3415
2824
2989
4061
331
2359
2458
558
2460
3584
126
217
442
3046
3476
3850
231
527
2381
3566
3608
639
2038
3363
2360
4097
34
763
1566
2378
2892
567
840
1161
1681
3114
110
218
334
3572
3979
194
2069
2312
3990
2976
3316
3916
3502
489
1419
2751
3328
1072
1932
2782
3424
3557
900
2379
2428
424
2691
2912
2925
3585
4116
39
1265
1907
4147
414
2103
3548
3573
4088
2688
2816
3523
1563
1921
236
663
1423
2432
2753
2845
652
1348
2022
2440
2693
2975
268
839
1408
2216
2431
3521
991
1361
1916
919
2393
2417
2494
3395
75
170
232
3983
4082
337
2459
3567
1811
3510
3974
4143
208
221
2347
3508
846
1382
2200
2252
3607
290
626
2075
700
574
607
683
3146
191
260
2920
3511
249
858
1242
3596
4037
1266
1386
2213
1377
2197
3532
3400
2999
3991
4040
100
203
2327
3845
568
2993
3726
3942
4135
2056
3602
3785
3175
130
2352
2362
3447
3952
125
430
1673
3599
851
2152
3553
2392
2401
4013
2745
3513
1564
1865
2313
2450
112
245
560
2915
2926
3586
561
1317
2483
999
1235
3805
3909
150
179
229
272
1277
4022
197
1211
1359
1184
1258
1370
1398
1588
137
193
207
3843
2651
3163
3527
2398
23
1509
2394
332
466
3544
3410
3455
374
586
2749
2453
2505
2818
1133
1251
1582
456
2826
3579
3554
143
285
429
2743
2897
3439
3597
3910
47
346
2282
198
1954
3815
3980
336
1229
3445
4016
238
2285
2482
2725
3156
52
1082
1095
2361
3514
3620
724
1871
2349
3595
153
2332
2756
1368
1567
3984
2259
3382
3922
3877
155
777
2429
2143
2847
3545
2350
3713
30
1379
2298
3174
3817
322
1517
2730
3496
3622
1152
1207
1395
3790
4028
120
1205
2072
1953
2457
2748
4144
440
2456
3605
1463
3034
213
795
1060
2292
233
689
1330
2922
3151
2067
2220
2386
2126
2416
2719
2928
3027
128
557
653
4081
2225
2370
72
291
2068
2729
14
814
3161
3164
4073
1454
2199
3021
134
2472
3366
3004
3564
3818
105
1252
2256
3120
3409
3802
441
739
2821
2236
2714
3986
464
643
1293
881
1529
3941
2844
3017
2909
4128
1560
2188
2721
2880
3500
1375
2351
2731
1775
2478
2996
