10446
2385
7179
7781
8243
10387
121
294
10500
12312
12421
581
6666
8800
10542
10633
6680
10505
11452
27
10763
6691
7748
8719
9794
10332
6068
9490
11877
12327
7011
10495
10669
11853
231
10129
10134
11985
657
1643
10645
10757
11206
7185
9118
11221
2499
6253
9420
10265
11575
5547
10668
12374
7328
8216
9143
10481
12159
968
6661
9304
9830
11251
12213
4347
6612
7184
9528
12137
6787
8785
887
6317
7111
10312
10681
10170
12358
2183
6527
8683
8743
8778
6648
10808
12351
882
5454
9498
165
10483
3556
6321
6655
1116
6279
7113
7139
6674
9416
10226
1077
1488
2140
9875
10268
6675
7143
9324
456
2310
4771
5560
6047
10480
2135
12248
10146
10514
11812
202
287
7088
7180
11578
5168
9988
8249
9361
9832
11174
244
9492
135
5117
1026
2309
8810
12074
110
7186
6379
9357
9698
10691
582
749
6067
6327
8437
178
283
7077
10343
10673
10640
617
7067
8260
8736
9124
807
10474
10989
6350
6619
7194
9260
12144
671
4812
8734
11301
12166
5548
320
11453
1687
6464
7686
8740
11866
314
8211
12339
1512
3809
12273
6405
9914
11805
4377
9295
10642
11235
267
9852
10718
11465
11543
10479
11252
3687
3699
8989
9302
9651
143
952
4643
11845
485
7755
8560
8945
6216
10472
4878
7246
1080
9306
11201
10181
10225
11960
12051
268
6316
7090
10108
10489
9367
11173
12400
8263
673
7128
10651
8179
8214
12179
560
11803
12309
5307
10162
10273
10630
11906
366
6594
10033
11564
80
118
2128
11604
11856
6611
7132
10635
10767
11545
6000
7223
12134
9291
9359
10773
3700
6375
7823
8609
8772
11918
11876
11454
11878
11999
6051
455
2314
2315
2389
5151
7154
7779
11270
12298
12296
12307
1087
5163
6607
6838
9348
11310
11854
12162
937
2455
8729
9944
10689
949
8795
7386
8863
9354
9833
11804
5326
7829
8742
9032
11909
10467
11592
4658
9127
3114
7725
9813
9825
11254
1387
8192
12012
7073
7147
10687
10796
1075
6534
9341
12217
7235
8602
10377
12155
9373
10765
12160
9953
12128
12323
1754
5037
5148
7083
9611
12289
945
7477
7692
10340
12205
43
6278
9360
10638
9647
10623
10148
10173
10824
707
3919
4731
7151
7778
12345
12410
8566
11224
1672
11231
210
272
594
7422
8693
11888
12340
239
7307
10528
11241
11847
7170
5397
5316
7069
10136
11479
3880
10295
10390
8737
7107
7221
8596
976
1755
4778
6600
7085
9301
10350
11016
11915
166
400
7808
8979
10492
6443
11011
12199
322
11946
7039
11248
12359
12389
10271
10482
11238
11870
12398
8267
10674
12105
536
3915
6957
7790
9277
10727
11021
12386
6670
8264
9211
10256
11253
8241
10257
6223
9120
10364
7937
12385
6332
7031
8700
9117
9844
8682
12174
558
7475
10287
1349
5672
9414
10168
10454
2308
8229
385
7125
7165
8248
10236
9609
10844
11996
138
290
2198
4645
5312
6222
11255
11295
11441
42
282
7894
10816
11890
223
1735
2336
3908
7242
7799
9831
10991
132
1071
7122
9288
10772
9889
11964
4818
6322
10449
10026
11256
12275
8720
8757
11287
11981
677
4837
5323
7137
10135
977
4669
6289
8407
12366
8250
8752
11299
12041
12424
8175
11968
4243
5192
6433
9772
11563
11848
1388
1730
4068
6669
9670
11458
11579
12158
3952
6540
7101
8244
11182
12267
11325
117
3945
7065
10473
10717
4776
5333
10836
11298
11868
1562
3905
9346
9378
10491
5150
7244
9193
10254
12222
11931
12428
6042
7199
7306
8727
11811
3994
11569
839
6040
10224
11861
12292
3975
6535
8350
11774
4839
11921
292
578
1565
5737
6199
7812
561
892
2264
6848
7200
4012
6336
9807
9812
10335
1775
5113
7203
12234
369
9887
12419
12094
6377
8610
9467
11444
11561
1076
2323
11020
6219
9419
9535
11209
11261
12300
3846
6217
8168
9396
11229
4753
11846
11938
12091
8210
10769
11998
1079
2358
5164
5334
5440
12207
12280
646
4066
6203
7338
9513
4009
4296
5551
144
4656
7140
10267
11345
1389
1554
4713
12099
12276
2111
8744
11242
7190
11903
12250
9271
11839
226
1353
5283
10904
8302
8680
9343
9347
10151
8167
8220
10710
12314
12092
7082
9296
9322
9334
10578
1482
6276
10228
10286
12201
10292
12271
2357
12335
7117
10448
5405
8226
8659
10967
686
4069
10270
11534
606
1507
1763
10837
12356
3995
7339
8166
8725
9169
650
941
3532
4145
6620
12334
11902
12161
1485
4063
7975
9512
10248
11948
12039
2386
8608
9025
10337
11239
11207
12203
2321
3688
6975
9764
10509
1728
8265
10289
10366
7066
321
10679
10805
9947
10809
12269
5313
6659
8223
10310
12425
6001
7826
9790
10255
11969
411
1891
8246
8860
6210
7204
7493
9297
11987
9299
10820
10147
10992
10532
7484
7587
7818
7820
10469
279
9594
3879
3988
5179
10573
12090
5114
5167
6211
6853
8692
10874
981
6690
10280
10650
10675
565
11907
73
5149
9112
9284
1676
2339
8258
9109
10379
806
10082
11562
12168
4349
6658
10230
605
1658
8832
9370
11570
2114
5258
7116
10172
176
7482
8582
8738
5152
5320
6356
7038
11263
8721
12208
6678
6808
11825
12112
12210
289
9892
11296
12322
832
1417
4681
9159
9861
10431
12363
407
3818
7103
9223
10304
12223
2360
6064
8303
9524
12178
8730
8965
10676
190
7096
9113
10900
5736
6383
8813
12093
12368
416
453
6604
7033
8257
1753
11308
11802
12380
20
2421
8718
10055
10308
335
4655
8259
10667
7095
9366
11228
4651
11438
7345
11300
12293
4652
7815
8745
9742
11860
1549
8435
9274
10850
804
6389
7106
7195
926
6683
9125
9526
2107
8176
8272
11574
2148
3960
4060
8774
9309
6712
8185
12324
8580
8764
10263
10802
11852
403
8713
9765
11809
12116
647
3284
10235
11019
5173
6506
11984
3678
4345
9834
11934
1228
3690
4838
7219
10788
6204
9256
12302
8308
10592
4404
4757
11947
4246
7053
12125
3557
4144
11886
1484
6558
10137
11827
4008
10341
12229
12318
8726
10320
6593
9287
9509
9532
4836
5288
6603
7814
9735
11986
1656
3718
7413
7754
9424
1660
6581
9597
11824
12304
5696
7791
8239
38
2415
10455
10628
12377
395
3914
7877
12376
7052
7131
7776
9808
1069
2417
7114
12310
6207
6351
7163
10139
12429
3689
8208
11908
12394
1756
5119
5686
8304
9770
6671
6854
8261
2307
12209
5861
10629
10815
45
7074
9465
10811
11875
9
4010
6046
11865
5322
10864
10873
7233
9286
11573
8268
11571
10852
10935
11928
12372
1189
2419
10468
10861
1051
7148
8230
10643
177
6445
6449
8995
5554
12423
2355
8169
9923
10780
11311
5675
7687
7816
30
5318
9536
8588
11535
3638
3932
7099
7811
10693
10362
10639
10171
11210
12228
1567
4269
6692
7086
7189
3131
6530
8754
174
6197
9379
3920
9814
959
3553
12409
12350
116
1386
3977
8660
12349
8581
9033
11566
5422
9337
10703
7105
9829
10729
11819
11943
1074
10365
12278
12180
198
418
8723
9884
10040
3922
10486
4005
6354
7690
8862
10512
1020
4794
7102
12401
3639
7753
9369
9523
10303
9374
9749
12181
12282
379
3741
7028
7084
10154
11329
11557
11603
12252
7182
404
6036
7146
11450
4384
7150
7309
11258
11572
2388
4268
9896
10278
10902
8209
153
250
4136
5458
9585
10849
1034
9244
11205
9356
918
9527
10649
10768
12393
4013
9184
12403
10671
2478
3923
4799
7097
10478
9787
10177
12197
4016
8661
12391
228
1495
4011
7104
9774
11550
11706
11835
6206
9349
10333
10493
10848
9748
10803
11249
2348
9425
9502
6215
7813
9929
5553
7080
8747
10577
64
5395
7087
11548
12373
1555
6512
10068
11233
7041
3554
10475
12283
2149
7234
11832
11884
12249
2146
12311
6841
8763
10155
12257
7436
10183
11602
4657
7809
12287
68
10708
269
2117
9867
10646
12367
12383
597
4558
9518
10363
11905
1085
6334
9469
2141
6201
6601
8206
12395
9612
10806
224
5169
12320
6195
6353
9298
8684
10447
12219
12408
9508
10632
11276
11813
1506
6285
7878
9285
10103
1647
3906
4062
9584
8275
11297
11457
1632
6837
9015
10054
10688
12132
408
6435
8751
9687
10167
11594
11930
204
4242
5314
10075
10839
10712
2086
4761
5871
6663
10620
196
8178
11558
3810
7365
3679
7819
8722
10685
5321
8231
1884
6676
7989
11826
11183
1066
6507
9521
10166
10334
7988
10644
11873
229
2223
11949
12254
81
6453
6608
8251
10264
4158
6533
8584
9339
9474
12370
6541
6646
8728
10875
12145
12170
9839
10152
10471
11538
12011
9294
10686
11593
406
11959
5308
7035
7068
230
11808
12245
4666
10537
2108
2130
6716
10316
11567
6657
11588
8165
2390
7133
11598
2087
9890
11919
8731
8771
9377
11814
12035
5029
7227
8227
10232
11559
4134
12315
12364
251
6212
8859
9290
11894
1517
8170
10305
8222
9897
10159
12362
6460
7134
7807
8252
9303
460
8164
8724
10699
381
4769
10269
12220
5309
7228
11818
396
7409
7810
11175
11914
146
9258
9375
9806
361
3961
8554
10477
393
3989
5315
6065
100
9364
10882
12341
4137
5306
5317
4017
6380
8833
9886
7209
9862
10705
6225
7224
9520
11957
603
6333
10470
72
7181
11926
912
1516
6277
6822
7092
6447
7401
10279
674
1671
2176
3065
10807
11871
7817
8756
9466
10637
6529
7091
7127
317
6049
10504
11211
11893
8762
9024
10149
10701
12153
440
7824
6376
11312
141
8585
9610
76
7411
7689
11820
11916
6839
8213
9952
12411
8177
9485
12117
7968
11237
11250
11539
12353
927
3921
6437
7030
10825
127
554
7138
8755
8997
7201
9146
10160
10647
543
5096
8202
12256
12381
215
11837
862
6652
11977
11997
11243
12390
3944
3974
7202
8775
8803
12146
4067
10128
10990
12152
592
5734
8273
9335
3976
10582
3675
11605
291
3909
7070
7118
9000
12426
10227
12382
3550
8759
9874
11849
12331
2318
8269
8679
9345
11887
18
861
2349
4378
8228
9355
9934
10433
11917
10174
11042
11932
491
12163
12420
4282
8732
10690
12244
82
10311
11913
8254
8583
9289
9506
10052
32
56
2393
6681
7164
11225
11901
351
1420
9368
12388
3877
9415
9738
9837
9362
11247
12387
1684
6695
9811
459
1673
7218
8217
12274
622
672
1065
11891
6514
9333
316
10389
12173
2446
6689
10801
66
5121
8256
10684
120
7196
9649
10634
10831
11920
6536
2391
8266
9275
9336
11344
12100
7700
10716
11514
12175
12211
11560
12291
12343
12375
6200
11215
11223
11445
802
7318
9828
6347
10702
12404
12332
119
3891
9342
9826
12306
10163
11245
11544
8172
10766
11840
7145
7476
8565
11257
7315
8262
8306
10490
7775
7058
10351
2991
3674
5191
8255
9608
11895
963
4789
8880
9338
10485
3953
7297
11807
10641
6029
6649
10288
575
2395
2685
3124
4711
12301
12405
1709
8611
12285
12338
4730
8687
9106
11842
12317
12156
4004
9305
10138
10229
10507
9307
41
3684
6566
7167
7478
962
10476
12215
11577
12422
50
7144
7193
8218
9805
4759
555
10682
9499
10663
10764
12118
12406
2990
12165
12247
9823
3907
7412
8563
9300
9505
7231
8941
1394
9925
10484
2129
6345
6378
10631
12361
4876
6687
9122
12235
12263
11439
7694
8733
10794
11469
5028
5187
6463
9840
5031
6580
12347
6214
6672
7410
8299
10153
9114
12319
4596
6677
6810
6958
7093
2319
8564
9775
11005
9108
9845
10003
