3839
3881
3887
1729
2111
2964
3831
3270
3810
1715
1857
1945
2101
4081
1734
1930
3134
3886
3132
3137
3786
3883
151
1770
3102
3116
4100
2783
2950
509
1812
1929
2707
1876
1964
3143
2652
2687
2688
3739
435
481
738
1873
3882
4192
1412
1887
2956
3092
64
633
865
1162
4170
329
2955
4086
4201
1760
1865
3141
3978
176
210
1393
1536
2032
3306
3688
4122
2457
3795
3156
3573
3988
4082
185
1424
2558
2910
3794
2358
2954
3099
3231
1524
1730
2567
2581
164
289
363
1483
3245
3271
2745
2899
3131
3184
255
265
3194
3512
2636
3122
4018
78
1410
1721
1880
2094
2161
2165
2901
1416
1652
1718
1842
3101
4099
1745
1804
2468
3554
3119
3763
3775
4105
222
2540
2909
3105
3034
4116
3121
3569
3889
4120
464
2473
2613
2691
3522
2706
3812
221
292
303
2669
2619
4188
293
696
1923
1947
1058
1411
1850
2095
58
327
549
550
2105
2466
2970
2734
3107
3195
3496
301
1364
1858
1946
3581
3768
4151
2069
2718
2916
3059
447
1736
1738
1951
3182
3577
3807
4010
131
156
2104
3108
1848
1932
1957
2145
53
66
1198
1420
2153
2602
2261
3197
3792
1210
2620
2798
3058
2155
3497
3789
69
155
312
1626
3781
152
1418
1856
2107
1893
2635
3001
3659
4028
4066
1788
1874
2907
3511
3550
3992
41
103
247
672
2074
2607
3057
3161
1419
1778
1847
1888
3894
4073
3854
4084
20
453
1533
1875
4178
188
212
1809
3259
3114
3741
3850
330
521
2875
2957
1864
2475
2966
4114
87
275
553
1754
4185
4202
137
380
1573
1896
2616
3856
4065
146
563
1622
1766
4094
3542
3840
3869
4113
1907
1922
3068
3490
678
2458
2705
3770
2969
3546
3779
1413
2622
3066
3506
2368
2614
3566
3853
11
694
725
1638
495
2472
3162
3272
2664
2693
3796
546
1656
1969
2469
3139
3737
3809
4148
494
1810
2777
2855
1915
2755
3106
3135
197
313
1775
1807
4171
2789
3747
3865
239
730
1039
2131
2545
3157
2792
3164
3537
4172
1777
1802
1908
2633
3071
3181
3501
3562
170
2108
2627
2953
3880
4180
362
2671
3999
1654
2723
2663
2668
4106
4191
154
364
385
1757
1752
3115
2156
2665
3133
3188
542
1723
1725
1936
3547
4098
4182
1038
1799
2600
4104
3890
1758
2106
3158
3504
171
1535
2603
2962
1895
3113
3127
4196
4101
57
1417
1961
2151
3487
3973
4047
91
693
1955
2699
2147
192
386
1041
1168
1841
3277
3507
3867
3983
405
2551
3262
3350
1717
2097
3862
4076
2637
2965
3552
4190
851
1924
2606
3159
2467
2873
3857
4012
1737
3138
4085
61
392
528
1191
1879
2660
2902
3039
729
1691
1744
1801
3884
4025
4162
305
2737
3500
3705
361
1059
2952
3514
3804
3843
1773
1906
2912
3067
3163
3808
4197
204
373
1882
3065
1800
2167
4176
4189
14
63
1471
1743
3974
138
726
1855
2697
3806
106
384
3307
3769
3174
3827
2118
2662
3125
3142
3183
3256
3765
3801
402
1720
1787
2158
4213
1811
2098
2643
2661
35
79
147
418
3803
112
383
2908
2580
3000
3191
3660
55
1753
1963
2117
2093
1127
1201
1805
1948
1889
1894
2739
3144
132
148
1276
1780
4153
474
1726
3879
4079
1769
1935
3508
3885
3548
3582
4075
328
404
1881
2628
2694
3561
3772
4111
179
388
448
1918
81
2459
3541
2461
3136
92
377
1938
2456
2154
2159
2483
3218
267
1061
1776
1940
4158
1527
2114
3502
3773
4118
4141
1062
1917
2695
3771
2260
3975
4069
4102
62
637
1060
1751
4131
4200
331
2100
3140
2071
3540
3575
1669
1808
1844
1939
4067
102
1733
1820
2073
3778
3793
376
1970
2784
3510
4068
4074
537
1956
2091
2146
3583
2474
2532
3242
3551
1862
1958
2963
4110
2773
3805
3842
3855
172
360
1916
2692
3888
4149
4209
157
211
2262
3146
4070
382
1675
1890
3100
309
1057
1937
4093
2174
2541
3767
3844
98
310
1849
2057
1722
1931
2460
4195
3816
4142
1866
2029
3120
3505
3557
3863
3868
88
2601
3128
3297
3776
4198
1540
1843
3091
3525
2638
4015
97
401
1861
1863
2617
3041
3847
304
1746
1765
1962
3509
162
168
314
3160
2946
3193
3783
3818
268
369
381
1968
3977
3499
3784
49
524
953
2701
29
1048
2618
3203
22
52
1716
1789
2615
3738
4115
1779
1806
1819
2162
1921
2160
4095
3042
3760
3836
4125
724
1037
1359
1759
