2969
3229
3442
1263
1342
1427
2276
2945
4968
4995
5073
3610
4039
4214
4337
4871
4798
4893
2652
3759
4343
4709
4761
4502
4631
4655
2726
3106
3804
3980
4104
4971
337
1341
1627
2605
2951
4534
4719
4753
4793
4985
1238
3830
4015
4410
4545
4411
1259
2103
3710
3779
4226
3295
4370
4858
98
1046
2094
2480
2515
4965
5041
3989
4859
3057
3210
3219
3785
3938
1302
4394
4651
4782
5092
2665
3737
3769
4392
2483
3770
3782
4486
5024
4428
5004
1069
1321
3192
3294
3571
4752
2523
3066
4366
4623
4654
4740
4953
79
140
216
1290
4222
343
767
3125
3742
3834
4409
353
1032
2717
3027
4338
4348
4358
4767
1404
2507
2572
2744
3304
2610
3112
3799
4927
2183
4724
3971
4090
4774
96
2460
2724
3193
3791
4817
4886
3246
3590
4551
271
1322
2734
2902
3189
4874
5086
5106
4007
5063
1358
3741
4481
4955
5051
4399
259
2747
4253
4277
4292
4606
4635
4700
99
2653
2940
3732
4002
2839
3124
4218
4620
4822
195
289
2564
2971
4037
5080
3392
3720
5067
4157
4228
4500
381
1260
1925
3051
4053
4721
3138
3786
56
121
1389
3033
3117
3709
4643
4934
149
2527
3101
3296
3558
5002
5088
5104
4821
1303
3136
4340
4448
4628
3129
3187
4360
4472
4814
5042
147
2470
2730
3307
4759
3990
4093
120
1293
2093
2519
3025
5087
97
3777
4539
4638
4879
5006
1357
3048
4523
4706
4832
4227
4355
4964
606
3038
3839
4726
3559
3740
4391
1075
2566
2746
3135
3271
4403
4432
4009
2493
2973
3029
3435
3790
4864
400
2458
2990
4668
4684
3721
3726
4034
4430
4444
1353
252
517
836
1062
1324
4622
4770
5074
285
349
2410
3185
4000
2967
4372
4728
5007
4169
4275
4698
44
2467
3731
3794
3979
4186
453
609
2520
3765
3768
3169
3780
5085
115
2750
4656
2596
4359
4640
5082
4789
4820
4907
3297
3589
3705
3729
4123
4916
4538
4710
5058
3053
3400
3407
4012
4233
3447
3612
4364
339
759
1444
2251
3141
4765
4875
4625
41
2897
2903
3567
4217
4013
4117
4715
4839
4230
4536
66
2613
2664
3788
4089
3714
4400
4702
222
380
2409
2459
3092
3807
4042
4162
1928
2502
2642
3744
3781
4362
4529
4613
4649
4986
1300
1622
3024
4505
4660
160
3068
3987
4118
4229
4652
4935
5001
1355
2429
4491
4739
5066
5047
3270
4470
4963
4979
5017
4219
4507
4560
1323
2280
3190
3427
3913
5009
4701
4880
4488
4976
101
124
2532
3348
3767
4624
4757
4876
48
1298
1304
3399
4154
5105
586
1945
3730
4799
5023
5026
81
3722
4666
4741
4905
4166
4424
4678
3241
3609
3735
3749
4038
4723
4878
4888
4043
4416
4449
221
608
1403
2868
3220
4688
4637
5089
457
3262
3795
3818
4541
741
1270
4278
4722
4936
1067
1070
2095
3047
4006
5107
1294
3104
4084
4509
5070
3817
4499
4693
190
286
2408
3137
3800
4877
4159
4335
4961
125
2733
3105
3130
4003
2753
3058
4008
4167
4426
4514
4632
2497
2904
3176
3808
4182
4377
4794
4823
885
3970
4319
4966
4763
510
3591
3801
3831
4501
5040
122
4238
4361
4445
4932
4497
4872
605
1269
2457
3090
4252
2729
3811
4521
4725
4427
4460
4973
182
361
3812
3852
4402
4978
4970
5010
1289
2604
3196
4325
4354
3034
3239
4751
119
2434
2474
2490
2838
2718
3592
4091
4144
4869
4937
835
2906
4225
4254
4537
4999
65
114
219
2895
4276
4395
4642
4889
138
2184
2737
2893
4237
5052
5049
2751
3611
3716
4819
5003
2966
3415
4150
4148
4974
5081
223
3230
3268
3402
3972
4805
4960
4994
230
1299
2427
2896
3969
4367
2840
2939
3142
3208
4087
3067
3122
3566
1464
1626
2279
2662
2866
3838
4333
4977
4996
4163
4580
4967
1569
2506
3159
3195
3289
4644
4685
5090
2619
2876
3132
3733
4244
4981
5054
245
2531
2898
4493
4679
4891
2749
4216
4474
4525
4641
3706
3586
3825
4648
893
2894
2965
3055
3131
5000
3201
3937
4695
4882
1288
3191
4401
4478
4686
4369
5043
2907
3707
3712
3805
4011
3774
4234
4479
178
456
1339
2104
3746
4705
5075
3546
3736
4005
4289
4406
5011
1356
3102
4515
4689
4733
88
613
2573
4627
5083
2837
3186
3760
4662
4730
5025
509
2225
2910
3849
4431
4484
4636
4868
288
3213
3393
3796
3986
4867
2491
4407
4495
4713
4747
4827
4885
5044
574
1985
3128
4506
4696
4540
4816
4938
1071
2722
2752
4092
4173
1292
2953
4404
4490
4526
4236
4436
1621
3738
3842
4114
4235
4371
4779
283
374
475
3215
4224
3269
4446
4653
4667
4103
4413
4863
57
111
3565
3728
3789
4928
4975
5016
2469
3413
3585
4554
4904
4106
4153
4170
1354
3059
3120
3214
3708
4510
4647
5013
4755
1340
3717
4353
4552
4708
148
4258
4687
